0 0
0 0
0 0
0 0
0 0
0 0
0 0
0 0
0 0
0 0
0 0
0 0
0 0
0 0
0 0
0 0
0 0
0 0
0 0
0 0
0 0
0 0
0 0
0 0
0 0
0 0
0 0
0 0
0 0
0 0
0 0
0 0
0 0
0 0
0 0
0 0
0 0
0 0
0 0
0 0
0 0
0 0
0 0
0 0
0 0
0 0
0 0
0 0
0 0
0.955261248143046 0
0.955261248143046 0
0.955261248143046 0
0.955261248143046 -0.0203114551044317
0.955261248143046 -0.0664329179512575
0.955261248143046 -0.125050010374059
0.955261248143046 -0.189234627265664
0.955261248143046 -0.255158045580532
0.955261248143046 -0.320636374784441
0.955261248143046 -0.384406432204299
0.955261248143046 -0.445738522060405
0.955261248143046 -0.504220833860699
0.955261248143046 -0.559636383516899
0.955261248143046 -0.611891304489675
0.955261248143046 -0.660972036823847
0.955261248143046 -0.706918936306425
0.955261248143046 -0.749809328050672
0.955261248143046 -0.789746102245515
0.955261248143046 -0.826849667388204
0.955261248143046 -0.861252031418346
0.955261248143046 -0.893092308818687
0.955261248143046 -0.922513241670775
0.955261248143046 -0.949658481702663
0.955261248143046 -0.974670468146379
0.955261248143046 -0.997688785604767
0.955261248143046 -1.01884891500618
0.955261248143046 -1.03828130870914
0.955261248143046 -1.05611073298581
0.955261248143046 -1.07245583010227
0.955261248143046 -1.08742885937131
0.955261248143046 -1.10113558255533
0.955261248143046 -1.11367526417897
0.955261248143046 -1.12514076184232
0.955261248143046 -1.13561868559941
0.955261248143046 -1.14518960894069
0.955261248143046 -1.15392831693859
0.955261248143046 -1.16190407972289
0.955261248143046 -1.1691809416871
0.955261248143046 -1.17581801872749
0.955261248143046 -1.18186979742061
0.955261248143046 -1.18738643138936
0.955261248143046 -1.1924140312255
0.955261248143046 -1.19699494525924
0.955261248143046 -1.20116802922176
0.955261248143046 -1.20496890346022
0.955261248143046 -1.20843019685787
0.955261248143046 -1.2115817770051
0.955261248143046 -1.21445096647568
0.955261248143046 -1.2170627453024
0.955261248143046 -1.21943993992811
-0.924202459829022 -1.22160339904414
-0.924202459829022 -1.22357215682502
-0.924202459829022 -1.22536358413593
-0.924202459829022 -1.13943814377755
-0.924202459829022 -0.96014896695201
-0.924202459829022 -0.76278179174925
-0.924202459829022 -0.578969858592761
-0.924202459829022 -0.418579212244918
-0.924202459829022 -0.282326228937164
-0.924202459829022 -0.167685760906529
-0.924202459829022 -0.0713633287598094
-0.924202459829022 0.00977741186642833
-0.924202459829022 0.078431617949804
-0.924202459829022 0.136820032188583
-0.924202459829022 0.186741092525851
-0.924202459829022 0.229643196231203
-0.924202459829022 0.266693380669556
-0.924202459829022 0.298835374005228
-0.924202459829022 0.326836305020995
-0.924202459829022 0.351323472949476
-0.924202459829022 0.372813038908506
-0.924202459829022 0.391732371085284
-0.924202459829022 0.408437480015344
-0.924202459829022 0.42322667688644
-0.924202459829022 0.436351327799816
-0.924202459829022 0.448024369663431
-0.924202459829022 0.458427093664031
-0.924202459829022 0.467714581123977
-0.924202459829022 0.476020085286144
-0.924202459829022 0.483458583916327
-0.924202459829022 0.490129675883391
-0.924202459829022 0.49611995576738
-0.924202459829022 0.501504970844618
-0.924202459829022 0.506350842129199
-0.924202459829022 0.510715613755385
-0.924202459829022 0.514650381565539
-0.924202459829022 0.518200241359008
-0.924202459829022 0.521405089140422
-0.924202459829022 0.524300299343597
-0.924202459829022 0.526917301995115
-0.924202459829022 0.529284075814024
-0.924202459829022 0.53142557108841
-0.924202459829022 0.533364073648375
-0.924202459829022 0.535119519231671
-0.924202459829022 0.536709765907817
-0.924202459829022 0.538150830907118
-0.924202459829022 0.539457097129154
-0.924202459829022 0.540641493731146
-0.924202459829022 0.541715654480971
-0.924202459829022 0.542690056971635
0.92925765362068 0.543574145309156
0.92925765362068 0.544376438484623
0.92925765362068 0.545104626308041
0.92925765362068 0.527218129837813
0.92925765362068 0.484412942059013
0.92925765362068 0.42716278924034
0.92925765362068 0.360980064762001
0.92925765362068 0.289249044348056
0.92925765362068 0.214256689906348
0.92925765362068 0.137644869311857
0.92925765362068 0.060640930214892
0.92925765362068 -0.0158124473807053
0.92925765362068 -0.0909797120209925
0.92925765362068 -0.164284209359091
0.92925765362068 -0.235276820622969
0.92925765362068 -0.303614308999185
0.92925765362068 -0.369043208535566
0.92925765362068 -0.431386888907933
0.92925765362068 -0.490534511316005
0.92925765362068 -0.546431222949068
0.92925765362068 -0.599069288568369
0.92925765362068 -0.648480038311377
0.92925765362068 -0.694726592442876
0.92925765362068 -0.737897351457331
0.92925765362068 -0.778100240852138
0.92925765362068 -0.815457689680475
0.92925765362068 -0.850102309096444
0.92925765362068 -0.88217322565076
0.92925765362068 -0.911813015739076
0.92925765362068 -0.939165182673035
0.92925765362068 -0.964372116010055
0.92925765362068 -0.987573473451297
0.92925765362068 -1.00890492815383
0.92925765362068 -1.0284972281083
0.92925765362068 -1.04647551880778
0.92925765362068 -1.06295888538117
0.92925765362068 -1.0780600753903
0.92925765362068 -1.09188536838187
0.92925765362068 -1.10453456290408
0.92925765362068 -1.11610105595592
0.92925765362068 -1.12667199369085
0.92925765362068 -1.13632847563017
0.92925765362068 -1.14514579766217
0.92925765362068 -1.15319372172945
0.92925765362068 -1.16053676236941
0.92925765362068 -1.16723448220251
0.92925765362068 -1.1733417900966
0.92925765362068 -1.17890923710635
0.92925765362068 -1.18398330642911
0.92925765362068 -1.18860669456198
0.0333844027637431 -1.19281858161915
0.0333844027637431 -1.19665488939724
0.0333844027637431 -1.20014852628355
0.0333844027637431 -1.16276452567409
0.0333844027637431 -1.07890973783163
0.0333844027637431 -0.980975087037361
0.0333844027637431 -0.884008672950594
0.0333844027637431 -0.794148377679898
0.0333844027637431 -0.71332116748364
0.0333844027637431 -0.641597031631962
0.0333844027637431 -0.578304719777295
0.0333844027637431 -0.522539161176562
0.0333844027637431 -0.473380792333696
0.0333844027637431 -0.429981913323428
0.0333844027637431 -0.391593420953936
0.0333844027637431 -0.357566050331324
0.0333844027637431 -0.327341738026732
0.0333844027637431 -0.300442059299675
0.0333844027637431 -0.276456681677089
0.0333844027637431 -0.255032949526676
0.0333844027637431 -0.235866905249465
0.0333844027637431 -0.218695714766529
0.0333844027637431 -0.203291341078507
0.0333844027637431 -0.189455279818175
0.0333844027637431 -0.17701417944404
0.0333844027637431 -0.165816190943343
0.0333844027637431 -0.155727916717215
0.0333844027637431 -0.146631851342299
0.0333844027637431 -0.138424226717194
0.0333844027637431 -0.131013190544084
0.0333844027637431 -0.124317260489056
0.0333844027637431 -0.118264007175151
0.0333844027637431 -0.112788927854721
0.0333844027637431 -0.107834479592176
0.0333844027637431 -0.103349246406571
0.0333844027637431 -0.0992872193528576
0.0333844027637431 -0.0956071721826919
0.0333844027637431 -0.0922721181958763
0.0333844027637431 -0.0892488363109416
0.0333844027637431 -0.0865074563577064
0.0333844027637431 -0.0840210952128317
0.0333844027637431 -0.0817655367303398
0.0333844027637431 -0.0797189495175865
0.0333844027637431 -0.0778616375169805
0.0333844027637431 -0.0761758191098412
0.0333844027637431 -0.0746454310892444
0.0333844027637431 -0.0732559543761573
0.0333844027637431 -0.0719942587958959
0.0333844027637431 -0.0708484646047507
0.0333844027637431 -0.0698078187715923
-0.908342749769028 -0.0688625842861823
-0.908342749769028 -0.0680039409928475
-0.908342749769028 -0.0672238966416772
-0.908342749769028 -0.0439564225125886
-0.908342749769028 0.00458128820192427
-0.908342749769028 0.0601460401508787
-0.908342749769028 0.114425730459309
-0.908342749769028 0.164173441498191
-0.908342749769028 0.208490108790511
-0.908342749769028 0.24747887331606
-0.908342749769028 0.281619386625581
-0.908342749769028 0.311490943895475
-0.908342749769028 0.337657732946993
-0.908342749769028 0.360627121142412
-0.908342749769028 0.380839627102556
-0.908342749769028 0.398671751876582
-0.908342749769028 0.414443293664969
-0.908342749769028 0.428425559254832
-0.908342749769028 0.44084904974879
-0.908342749769028 0.451910153947751
-0.908342749769028 0.461776786509866
-0.908342749769028 0.470593063234848
-0.908342749769028 0.478483152165882
-0.908342749769028 0.485554440365274
-0.908342749769028 0.491900140765565
-0.908342749769028 0.497601443803378
-0.908342749769028 0.502729299617453
-0.908342749769028 0.507345900161465
-0.908342749769028 0.511505916971112
-0.908342749769028 0.515257539311778
-0.908342749769028 0.518643348625156
-0.908342749769028 0.521701058185212
-0.908342749769028 0.524464141305556
-0.908342749769028 0.526962367011956
-0.908342749769028 0.529222258564388
-0.908342749769028 0.53126748739159
-0.908342749769028 0.533119212738056
-0.908342749769028 0.534796375501474
-0.908342749769028 0.536315953266361
-0.908342749769028 0.537693182345492
-0.908342749769028 0.538941751668413
-0.908342749769028 0.540073972561805
-0.908342749769028 0.541100927814777
-0.908342749769028 0.542032602885742
-0.908342749769028 0.542878001664447
-0.908342749769028 0.543645248835425
-0.908342749769028 0.544341680583635
-0.908342749769028 0.544973925128141
-0.908342749769028 0.545547974356165
-0.908342749769028 0.546069247650571
-0.516595368048453 0.54654264885264
-0.516595368048453 0.546972617174264
-0.516595368048453 0.547363172765261
-0.516595368048453 0.546144222205384
-0.516595368048453 0.54299067313244
-0.516595368048453 0.539045738451587
-0.516595368048453 0.534880774851888
-0.516595368048453 0.530777157050706
-0.516595368048453 0.526867674880698
-0.516595368048453 0.523208893028184
-0.516595368048453 0.519818538612211
-0.516595368048453 0.516694894177099
-0.516595368048453 0.513826861101682
-0.516595368048453 0.511199169077575
-0.516595368048453 0.508795056488839
-0.516595368048453 0.506597632296034
-0.516595368048453 0.504590550489844
-0.516595368048453 0.502758326287978
-0.516595368048453 0.501086465919047
-0.516595368048453 0.4995614998329
-0.516595368048453 0.498170966418786
-0.516595368048453 0.496903370995733
-0.516595368048453 0.495748133167126
-0.516595368048453 0.494695529503679
-0.516595368048453 0.493736635282272
-0.516595368048453 0.492863267282329
-0.516595368048453 0.49206792870876
-0.516595368048453 0.491343756796841
-0.516595368048453 0.490684473364917
-0.516595368048453 0.490084338413001
-0.516595368048453 0.489538106765315
-0.516595368048453 0.489040987693751
-0.516595368048453 0.488588607421369
-0.516595368048453 0.488176974381779
-0.516595368048453 0.487802447096417
-0.516595368048453 0.48746170452434
-0.516595368048453 0.487151718736258
-0.516595368048453 0.486869729764878
-0.516595368048453 0.486613222486195
-0.516595368048453 0.486379905390672
-0.516595368048453 0.486167691108636
-0.516595368048453 0.485974678560403
-0.516595368048453 0.485799136608306
-0.516595368048453 0.485639489094734
-0.516595368048453 0.485494301157289
-0.516595368048453 0.485362266719172
-0.516595368048453 0.48524219705972
-0.516595368048453 0.485133010376653
-0.516595368048453 0.485033722257982
-0.516595368048453 0.48494343698757
-0.418350790356449 0.48486133961413
-0.418350790356449 0.48478668871885
-0.418350790356449 0.484718809821961
-0.418350790356449 0.483686261858257
-0.418350790356449 0.481488802207645
-0.418350790356449 0.478833840805523
-0.418350790356449 0.476073187072272
-0.418350790356449 0.473377680405984
-0.418350790356449 0.470825773408134
-0.418350790356449 0.468448934777962
-0.418350790356449 0.466255022156747
-0.418350790356449 0.464240322822233
-0.418350790356449 0.462395743102288
-0.418350790356449 0.460709972197551
-0.418350790356449 0.459171081393311
-0.418350790356449 0.457767314919953
-0.418350790356449 0.456487464073752
-0.418350790356449 0.455321027389868
-0.418350790356449 0.454258261869065
-0.418350790356449 0.453290179613116
-0.418350790356449 0.452408517991121
-0.418350790356449 0.451605697866483
-0.418350790356449 0.450874777365891
-0.418350790356449 0.450209405011748
-0.418350790356449 0.449603774135207
-0.418350790356449 0.449052579493507
-0.418350790356449 0.448550976495359
-0.418350790356449 0.448094543165409
-0.418350790356449 0.447679244835705
-0.418350790356449 0.447301401477733
-0.418350790356449 0.446957657550888
-0.418350790356449 0.446644954225579
-0.418350790356449 0.446360503832506
-0.418350790356449 0.446101766389265
-0.418350790356449 0.445866428058611
-0.418350790356449 0.445652381397963
-0.418350790356449 0.445457707266198
-0.418350790356449 0.445280658260838
-0.418350790356449 0.445119643566174
-0.418350790356449 0.444973215100285
-0.418350790356449 0.444840054856339
-0.418350790356449 0.444718963340726
-0.418350790356449 0.444608849017567
-0.418350790356449 0.444508718675724
-0.418350790356449 0.444417668640809
-0.418350790356449 0.444334876760615
-0.418350790356449 0.444259595098006
-0.418350790356449 0.444191143270556
-0.418350790356449 0.444128902381142
-0.418350790356449 0.444072309488227
0.778266479157967 0.44402085256883
0.778266479157967 0.443974065931096
0.778266479157967 0.443931526037
0.778266479157967 0.424734948823704
0.778266479157967 0.380220304786275
0.778266479157967 0.32172626643623
0.778266479157967 0.255242904711125
0.778266479157967 0.184352779285394
0.778266479157967 0.111370059200329
0.778266479157967 0.0378667755072691
0.778266479157967 -0.0350505841178179
0.778266479157967 -0.106583628366835
0.778266479157967 -0.176148139176266
0.778266479157967 -0.243316080504687
0.778266479157967 -0.307778414870759
0.778266479157967 -0.369320052262865
0.778266479157967 -0.427801913419354
0.778266479157967 -0.48314723939653
0.778266479157967 -0.535330543131406
0.778266479157967 -0.584368327092771
0.778266479157967 -0.630311097741304
0.778266479157967 -0.673236425004572
0.778266479157967 -0.713242904805381
0.778266479157967 -0.750444933793392
0.778266479157967 -0.784968226334189
0.778266479157967 -0.816946010524689
0.778266479157967 -0.846515841108648
0.778266479157967 -0.873816966949622
0.778266479157967 -0.898988191084167
0.778266479157967 -0.922166162965625
0.778266479157967 -0.943484045338728
0.778266479157967 -0.963070502011582
0.778266479157967 -0.981048957290055
0.778266479157967 -0.997537082697341
0.778266479157967 -1.01264647155692
0.778266479157967 -1.02648246686958
0.778266479157967 -1.03914411252301
0.778266479157967 -1.05072420214457
0.778266479157967 -1.06130940379232
0.778266479157967 -1.07098044215644
0.778266479157967 -1.07981232301289
0.778266479157967 -1.08787458735073
0.778266479157967 -1.09523158490888
0.778266479157967 -1.1019427588389
0.778266479157967 -1.10806293489138
0.778266479157967 -1.11364260993808
0.778266479157967 -1.11872823582336
0.778266479157967 -1.12336249551782
0.778266479157967 -1.12758456935179
0.778266479157967 -1.13143038976282
0.324715207947751 -1.13493288352162
0.324715207947751 -1.13812220082582
0.324715207947751 -1.14102593098621
0.324715207947751 -1.12859142555237
0.324715207947751 -1.09816384884263
0.324715207947751 -1.0612228121158
0.324715207947751 -1.02334182103302
0.324715207947751 -0.987057245177125
0.324715207947751 -0.953398008467268
0.324715207947751 -0.922667088796165
0.324715207947751 -0.894831669054923
0.324715207947751 -0.869714708571021
0.324715207947751 -0.847087297003655
0.324715207947751 -0.826711917467279
0.324715207947751 -0.808361646005202
0.324715207947751 -0.791827710519556
0.324715207947751 -0.776921546098769
0.324715207947751 -0.763474358792088
0.324715207947751 -0.751335660047349
0.324715207947751 -0.740371467695397
0.324715207947751 -0.730462492483457
0.324715207947751 -0.721502445648714
0.324715207947751 -0.713396515286882
0.324715207947751 -0.70606001873007
0.324715207947751 -0.699417220642906
0.324715207947751 -0.693400300088102
0.324715207947751 -0.687948448485076
0.324715207947751 -0.683007081294642
0.324715207947751 -0.678527148018814
0.324715207947751 -0.67446452705992
0.324715207947751 -0.670779493853618
0.324715207947751 -0.667436252367094
0.324715207947751 -0.66440252150942
0.324715207947751 -0.66164916924416
0.324715207947751 -0.659149888247271
0.324715207947751 -0.656880907841964
0.324715207947751 -0.654820737691525
0.324715207947751 -0.652949939363403
0.324715207947751 -0.651250922412304
0.324715207947751 -0.649707762082811
0.324715207947751 -0.648306036116568
0.324715207947751 -0.647032678476593
0.324715207947751 -0.645875848081024
0.324715207947751 -0.644824810878208
0.324715207947751 -0.643869833800913
0.324715207947751 -0.643002089314815
0.324715207947751 -0.642213569429654
0.324715207947751 -0.641497008174221
0.324715207947751 -0.640845811651719
0.324715207947751 -0.640253994892519
-0.511500022146618 -0.639716124809089
-0.511500022146618 -0.639227268634723
-0.511500022146618 -0.638782947295124
-0.511500022146618 -0.592170228163926
-0.511500022146618 -0.494766931138347
-0.511500022146618 -0.384910714614231
-0.511500022146618 -0.279552645730794
-0.511500022146618 -0.184807495536549
-0.511500022146618 -0.101943141412264
-0.511500022146618 -0.0302899648838846
-0.511500022146618 0.031457152239949
-0.511500022146618 0.084695113551908
-0.511500022146618 0.130707761167674
-0.511500022146618 0.170605878513928
-0.511500022146618 0.20532542700996
-0.511500022146618 0.235646453221502
-0.511500022146618 0.262216997287304
-0.511500022146618 0.285575924072869
-0.511500022146618 0.30617269443584
-0.511500022146618 0.324383764776731
-0.511500022146618 0.340525921137283
-0.511500022146618 0.354867028893241
-0.511500022146618 0.367634678268368
-0.511500022146618 0.379023144684119
-0.511500022146618 0.389199008965705
-0.511500022146618 0.398305713704957
-0.511500022146618 0.406467274123073
-0.511500022146618 0.413791315022588
-0.511500022146618 0.420371568521058
-0.511500022146618 0.426289938444902
-0.511500022146618 0.431618214853485
-0.511500022146618 0.436419504744966
-0.511500022146618 0.440749431432664
-0.511500022146618 0.444657144488675
-0.511500022146618 0.448186173848579
-0.511500022146618 0.451375155135724
-0.511500022146618 0.454258448097268
-0.511500022146618 0.456866665942082
-0.511500022146618 0.459227130099433
-0.511500022146618 0.461364262297432
-0.511500022146618 0.463299923753156
-0.511500022146618 0.46505370956467
-0.511500022146618 0.466643205015485
-0.511500022146618 0.468084209378923
-0.511500022146618 0.469390931892267
-0.511500022146618 0.470576163818038
-0.511500022146618 0.471651429890358
-0.511500022146618 0.472627121932735
-0.511500022146618 0.473512617009581
-0.511500022146618 0.474316382121004
-0.780872218208794 0.475046067156154
-0.780872218208794 0.475708587573889
-0.780872218208794 0.476310198072513
-0.780872218208794 0.478380080548346
-0.780872218208794 0.482205899847164
-0.780872218208794 0.486652017098043
-0.780872218208794 0.491165795417687
-0.780872218208794 0.495491934800774
-0.780872218208794 0.49952395453913
-0.780872218208794 0.503228381907233
-0.780872218208794 0.506606480002429
-0.780872218208794 0.509675107898282
-0.780872218208794 0.512457263622772
-0.780872218208794 0.514977503429691
-0.780872218208794 0.51725980363638
-0.780872218208794 0.519326636054817
-0.780872218208794 0.521198637943462
-0.780872218208794 0.52289456573357
-0.780872218208794 0.524431377494213
-0.780872218208794 0.525824367622918
-0.780872218208794 0.527087316741028
-0.780872218208794 0.528232639536963
-0.780872218208794 0.529271523103319
-0.780872218208794 0.530214053098136
-0.780872218208794 0.531069327327618
-0.780872218208794 0.531845557361705
-0.780872218208794 0.532550159192867
-0.780872218208794 0.533189834053055
-0.780872218208794 0.533770640473711
-0.780872218208794 0.534298058588073
-0.780872218208794 0.53477704757157
-0.780872218208794 0.535212097012652
-0.780872218208794 0.535607272910303
-0.780872218208794 0.535966258908438
-0.780872218208794 0.536292393301766
-0.780872218208794 0.536588702281745
-0.780872218208794 0.536857929834062
-0.780872218208794 0.537102564649506
-0.780872218208794 0.537324864367054
-0.780872218208794 0.537526877430726
-0.780872218208794 0.537710462809238
-0.780872218208794 0.537877307799199
-0.780872218208794 0.538028944107869
-0.780872218208794 0.53816676238981
-0.780872218208794 0.538292025392793
-0.780872218208794 0.538405879851546
-0.780872218208794 0.538509367253241
-0.780872218208794 0.538603433585535
-0.780872218208794 0.538688938166506
-0.780872218208794 0.538766661645545
-0.119371435194915 0.538837313255226
-0.119371435194915 0.53890153738605
-0.119371435194915 0.538959919548786
-0.119371435194915 0.532394495916548
-0.119371435194915 0.517556795975934
-0.119371435194915 0.498952135791933
-0.119371435194915 0.478896665688098
-0.119371435194915 0.458622043013031
-0.119371435194915 0.438789034921491
-0.119371435194915 0.419747424785274
-0.119371435194915 0.401674035107258
-0.119371435194915 0.38464799810563
-0.119371435194915 0.368692487824226
-0.119371435194915 0.353798188493766
-0.119371435194915 0.33993671693751
-0.119371435194915 0.327068475274786
-0.119371435194915 0.315147383482222
-0.119371435194915 0.30412383522381
-0.119371435194915 0.293946616134825
-0.119371435194915 0.284564194267935
-0.119371435194915 0.275925613069956
-0.119371435194915 0.267981119623211
-0.119371435194915 0.260682607506436
-0.119371435194915 0.253983924123175
-0.119371435194915 0.247841075684596
-0.119371435194915 0.242212353291184
-0.119371435194915 0.237058397566141
-0.119371435194915 0.232342215367771
-0.119371435194915 0.22802915935503
-0.119371435194915 0.22408687912557
-0.119371435194915 0.220485251034721
-0.119371435194915 0.217196292498289
-0.119371435194915 0.214194065502363
-0.119371435194915 0.211454573141638
-0.119371435194915 0.208955652252044
-0.119371435194915 0.206676864570613
-0.119371435194915 0.204599388327282
-0.119371435194915 0.202705911734597
-0.119371435194915 0.200980529479077
-0.119371435194915 0.199408643020948
-0.119371435194915 0.197976865267297
-0.119371435194915 0.196672929988695
-0.119371435194915 0.195485606193534
-0.119371435194915 0.194404617551277
-0.119371435194915 0.193420566859883
-0.119371435194915 0.192524865479107
-0.119371435194915 0.191709667596263
-0.119371435194915 0.190967809150705
-0.119371435194915 0.190292751215183
-0.119371435194915 0.189678527613693
-0.275711320934683 0.189119696544659
-0.275711320934683 0.188611295973493
-0.275711320934683 0.188148802558528
-0.275711320934683 0.192351026309
-0.275711320934683 0.202047428105587
-0.275711320934683 0.213738723408238
-0.275711320934683 0.225722891065161
-0.275711320934683 0.237219977921206
-0.275711320934683 0.247909150949531
-0.275711320934683 0.257692180166714
-0.275711320934683 0.266574897749071
-0.275711320934683 0.274608622055708
-0.275711320934683 0.281861674209497
-0.275711320934683 0.288405873362703
-0.275711320934683 0.294310428829963
-0.275711320934683 0.299639443847303
-0.275711320934683 0.304451148695669
-0.275711320934683 0.308797932226183
-0.275711320934683 0.31272671550549
-0.275711320934683 0.316279447583957
-0.275711320934683 0.319493620496264
-0.275711320934683 0.322402758180036
-0.275711320934683 0.325036861893889
-0.275711320934683 0.327422807872867
-0.275711320934683 0.329584698851186
-0.275711320934683 0.331544173442355
-0.275711320934683 0.333320678051929
-0.275711320934683 0.334931705925282
-0.275711320934683 0.336393007548839
-0.275711320934683 0.337718776140769
-0.275711320934683 0.338921811483186
-0.275711320934683 0.340013664902736
-0.275711320934683 0.341004767813559
-0.275711320934683 0.341904545896902
-0.275711320934683 0.342721520701214
-0.275711320934683 0.343463400199279
-0.275711320934683 0.344137159628936
-0.275711320934683 0.344749113765396
-0.275711320934683 0.345304981621295
-0.275711320934683 0.345809944441093
-0.275711320934683 0.346268697745713
-0.275711320934683 0.346685498088451
-0.275711320934683 0.34706420510165
-0.275711320934683 0.347408319343371
-0.275711320934683 0.347721016392565
-0.275711320934683 0.348005177588675
-0.275711320934683 0.348263417765847
-0.275711320934683 0.348498110292132
-0.275711320934683 0.348711409689261
-0.275711320934683 0.348905272078147
0.119829050786714 0.349081473668523
0.119829050786714 0.349241627487614
0.119829050786714 0.349387198522026
0.119829050786714 0.339149071396902
0.119829050786714 0.315888921418494
0.119829050786714 0.286600237673147
0.119829050786714 0.254890002890833
0.119829050786714 0.222696047288549
0.119829050786714 0.191075381779217
0.119829050786714 0.160601641268023
0.119829050786714 0.13157663126957
0.119829050786714 0.104146368832096
0.119829050786714 0.0783659358345226
0.119829050786714 0.0542363093684853
0.119829050786714 0.0317256791604172
0.119829050786714 0.0107821039731959
0.119829050786714 -0.00865872118558664
0.119829050786714 -0.0266685067033481
0.119829050786714 -0.043323068119987
0.119829050786714 -0.0587000429342712
0.119829050786714 -0.0728772620417883
0.119829050786714 -0.0859315655975399
0.119829050786714 -0.0979379365088429
0.119829050786714 -0.108968870951467
0.119829050786714 -0.119093931429178
0.119829050786714 -0.128379443224763
0.119829050786714 -0.136888304577221
0.119829050786714 -0.144679887201094
0.119829050786714 -0.151810008233214
0.119829050786714 -0.158330958084698
0.119829050786714 -0.164291571381182
0.119829050786714 -0.169737330402337
0.119829050786714 -0.174710492300552
0.119829050786714 -0.179250232959345
0.119829050786714 -0.183392801691622
0.119829050786714 -0.187171682111011
0.119829050786714 -0.190617755464143
0.119829050786714 -0.193759463511594
0.119829050786714 -0.1966229687114
0.119829050786714 -0.199232310009994
0.119829050786714 -0.201609552997906
0.119829050786714 -0.203774933556156
0.119829050786714 -0.20574699441695
0.119829050786714 -0.207542714300407
0.119829050786714 -0.209177629477327
0.119829050786714 -0.210665947754961
0.119829050786714 -0.212020654995567
0.119829050786714 -0.213253614362367
0.119829050786714 -0.214375658549542
0.119829050786714 -0.215396675296511
-0.0331434277040621 -0.21632568651553
-0.0331434277040621 -0.217170921378703
-0.0331434277040621 -0.217939883718284
-0.0331434277040621 -0.210755084262266
-0.0331434277040621 -0.194221929393105
-0.0331434277040621 -0.174329275917335
-0.0331434277040621 -0.15398252525618
-0.0331434277040621 -0.13450435105384
-0.0331434277040621 -0.116431592297876
-0.0331434277040621 -0.099922088567681
-0.0331434277040621 -0.08495796500321
-0.0331434277040621 -0.0714456230674938
-0.0331434277040621 -0.0592640595760001
-0.0331434277040621 -0.048287573368536
-0.0331434277040621 -0.0383958889521203
-0.0331434277040621 -0.0294781764997711
-0.0331434277040621 -0.0214341757155463
-0.0331434277040621 -0.0141740016302345
-0.0331434277040621 -0.00761740063586713
-0.0331434277040621 -0.00169282380529379
-0.0331434277040621 0.00366351328233683
-0.0331434277040621 0.00850851160300437
-0.0331434277040621 0.0128929844049414
-0.0331434277040621 0.0168623629087996
-0.0331434277040621 0.0204573167269039
-0.0331434277040621 0.0237142972949803
-0.0331434277040621 0.0266660134326046
-0.0331434277040621 0.0293418477656765
-0.0331434277040621 0.0317682218933637
-0.0331434277040621 0.0339689172090715
-0.0331434277040621 0.0359653573435763
-0.0331434277040621 0.0377768573489322
-0.0331434277040621 0.0394208440008871
-0.0331434277040621 0.0409130509626494
-0.0331434277040621 0.042267692013519
-0.0331434277040621 0.0434976150895511
-0.0331434277040621 0.0446144394976999
-0.0331434277040621 0.0456286783386675
-0.0331434277040621 0.0465498478973382
-0.0331434277040621 0.0473865655250827
-0.0331434277040621 0.0481466373385387
-0.0331434277040621 0.0488371368890729
-0.0331434277040621 0.049464475811283
-0.0331434277040621 0.0500344673337256
-0.0331434277040621 0.0505523834273008
-0.0331434277040621 0.0510230062737178
-0.0331434277040621 0.0514506746559517
-0.0331434277040621 0.0518393258027124
-0.0331434277040621 0.0521925331581249
-0.0331434277040621 0.0525135404947419
0.958410577829187 0.0528052927415845
0.958410577829187 0.0530704638581855
0.958410577829187 0.0533114820498286
0.958410577829187 0.03291775976537
0.958410577829187 -0.0137827599505229
0.958410577829187 -0.073397857219877
0.958410577829187 -0.138945120186559
0.958410577829187 -0.20653346806862
0.958410577829187 -0.273913593065668
0.958410577829187 -0.339760276522345
0.958410577829187 -0.403288477997929
0.958410577829187 -0.464038736504484
0.958410577829187 -0.521753953605289
0.958410577829187 -0.576307063408981
0.958410577829187 -0.627657470429188
0.958410577829187 -0.675823911551599
0.958410577829187 -0.720866810476504
0.958410577829187 -0.762876232053003
0.958410577829187 -0.801963251071294
0.958410577829187 -0.838253503365819
0.958410577829187 -0.87188221512912
0.958410577829187 -0.902990296681998
0.958410577829187 -0.931721245970603
0.958410577829187 -0.958218694473101
0.958410577829187 -0.982624477076975
0.958410577829187 -1.00507713589352
0.958410577829187 -1.02571078560792
0.958410577829187 -1.04465427993281
0.958410577829187 -1.06203062767504
0.958410577829187 -1.07795661416238
0.958410577829187 -1.09254258995409
0.958410577829187 -1.10589239418199
0.958410577829187 -1.11810338468068
0.958410577829187 -1.12926655133714
0.958410577829187 -1.1394666928641
0.958410577829187 -1.14878264051234
0.958410577829187 -1.15728751511739
0.958410577829187 -1.16504900636154
0.958410577829187 -1.17212966525927
0.958410577829187 -1.17858720268039
0.958410577829187 -1.18447478824668
0.958410577829187 -1.18984134521067
0.958410577829187 -1.19473183798096
0.958410577829187 -1.19918754982812
0.958410577829187 -1.20324634901557
0.958410577829187 -1.20694294217498
0.958410577829187 -1.21030911420697
0.958410577829187 -1.21337395435407
0.958410577829187 -1.21616406837923
0.958410577829187 -1.21870377700464
0.00658157514714719 -1.22101530093232
0.00658157514714719 -1.22311893289177
0.00658157514714719 -1.22503319724699
0.00658157514714719 -1.1830436747479
0.00658157514714719 -1.09137509583857
0.00658157514714719 -0.985138515925714
0.00658157514714719 -0.88052200108716
0.00658157514714719 -0.784015503088062
0.00658157514714719 -0.697561220505737
0.00658157514714719 -0.621122157379184
0.00658157514714719 -0.553890098431133
0.00658157514714719 -0.494828848805851
0.00658157514714719 -0.442905097758612
0.00658157514714719 -0.397176532378045
0.00658157514714719 -0.356816799093894
0.00658157514714719 -0.321114017572844
0.00658157514714719 -0.289459447504236
0.00658157514714719 -0.261333585272813
0.00658157514714719 -0.23629269328519
0.00658157514714719 -0.213956841444035
0.00658157514714719 -0.193999704481342
0.00658157514714719 -0.176140020532385
0.00658157514714719 -0.160134500781081
0.00658157514714719 -0.14577196019169
0.00658157514714719 -0.132868457267429
0.00658157514714719 -0.12126326063931
0.00658157514714719 -0.110815491169638
0.00658157514714719 -0.101401316006894
0.00658157514714719 -0.0929115944897312
0.00658157514714719 -0.0852498950414191
0.00658157514714719 -0.0783308177412299
0.00658157514714719 -0.0720785697259463
0.00658157514714719 -0.0664257505458503
0.00658157514714719 -0.0613123125747996
0.00658157514714719 -0.0566846679631257
0.00658157514714719 -0.0524949187536861
0.00658157514714719 -0.0487001909157849
0.00658157514714719 -0.045262056394006
0.00658157514714719 -0.0421460299806642
0.00658157514714719 -0.0393211300285305
0.00658157514714719 -0.0367594938248366
0.00658157514714719 -0.0344360399273769
0.00658157514714719 -0.0323281709815344
0.00658157514714719 -0.0304155115430484
0.00658157514714719 -0.0286796762651542
0.00658157514714719 -0.0271040645021368
0.00658157514714719 -0.0256736779599678
0.00658157514714719 -0.0243749585091271
0.00658157514714719 -0.0231956436816159
0.00658157514714719 -0.022124637717067
0.616533498101185 -0.021151896312736
0.616533498101185 -0.0202683234780021
0.616533498101185 -0.019465679103146
0.616533498101185 -0.0367981223411238
0.616533498101185 -0.0769435835388217
0.616533498101185 -0.127836391542159
0.616533498101185 -0.183237631500547
0.616533498101185 -0.239761041234261
0.616533498101185 -0.295528195937724
0.616533498101185 -0.349494081472767
0.616533498101185 -0.401087570395413
0.616533498101185 -0.450013116782888
0.616533498101185 -0.496139048836255
0.616533498101185 -0.53943351164714
0.616533498101185 -0.579926954918822
0.616533498101185 -0.617689542269721
0.616533498101185 -0.652817045627837
0.616533498101185 -0.685421654804778
0.616533498101185 -0.715625717772542
0.616533498101185 -0.743557301189419
0.616533498101185 -0.769346940636985
0.616533498101185 -0.793125212924789
0.616533498101185 -0.815020907082203
0.616533498101185 -0.835159650545944
0.616533498101185 -0.853662892225138
0.616533498101185 -0.870647170642888
0.616533498101185 -0.886223611825393
0.616533498101185 -0.900497612609028
0.616533498101185 -0.913568672968279
0.616533498101185 -0.925530347089826
0.616533498101185 -0.936470287886373
0.616533498101185 -0.94647036380433
0.616533498101185 -0.955606830321614
0.616533498101185 -0.963950541567291
0.616533498101185 -0.971567190097008
0.616533498101185 -0.978517565082054
0.616533498101185 -0.98485782106098
0.616533498101185 -0.990639751001152
0.616533498101185 -0.995911058759827
0.616533498101185 -1.00071562715375
0.616533498101185 -1.00509377877306
0.616533498101185 -1.00908252743686
0.616533498101185 -1.01271581880873
0.616533498101185 -1.01602475919201
0.616533498101185 -1.0190378319261
0.616533498101185 -1.0217811011228
0.616533498101185 -1.02427840272949
0.616533498101185 -1.02655152309683
0.616533498101185 -1.02862036537161
0.616533498101185 -1.03050310414096
0.0785025866136433 -1.03221632882745
0.0785025866136433 -1.03377517638408
0.0785025866136433 -1.03519345386692
0.0785025866136433 -1.00716308938649
0.0785025866136433 -0.945292113327624
0.0785025866136433 -0.872631422559591
0.0785025866136433 -0.800034037942433
0.0785025866136433 -0.732087568908238
0.0785025866136433 -0.670369984465678
0.0785025866136433 -0.615091661837889
0.0785025866136433 -0.565887686299134
0.0785025866136433 -0.522187899171701
0.0785025866136433 -0.483383223484621
0.0785025866136433 -0.448895641048896
0.0785025866136433 -0.418203560155678
0.0785025866136433 -0.390847202525555
0.0785025866136433 -0.366425591936976
0.0785025866136433 -0.344590493575225
0.0785025866136433 -0.325039694757062
0.0785025866136433 -0.30751062779105
0.0785025866136433 -0.291774694584136
0.0785025866136433 -0.277632366947261
0.0785025866136433 -0.264909017920046
0.0785025866136433 -0.253451397727554
0.0785025866136433 -0.243124660377472
0.0785025866136433 -0.233809853289275
0.0785025866136433 -0.225401793479658
0.0785025866136433 -0.217807265645729
0.0785025866136433 -0.210943488350964
0.0785025866136433 -0.204736803900288
0.0785025866136433 -0.199121555344925
0.0785025866136433 -0.194039120529545
0.0785025866136433 -0.189437078385868
0.0785025866136433 -0.185268486989466
0.0785025866136433 -0.181491256409607
0.0785025866136433 -0.178067602246947
0.0785025866136433 -0.17496356809516
0.0785025866136433 -0.172148607081056
0.0785025866136433 -0.169595214214351
0.0785025866136433 -0.167278602578133
0.0785025866136433 -0.165176417466157
0.0785025866136433 -0.163268483465391
0.0785025866136433 -0.161536580225028
0.0785025866136433 -0.159964243273774
0.0785025866136433 -0.158536586767293
0.0785025866136433 -0.157240145484943
0.0785025866136433 -0.156062733763837
0.0785025866136433 -0.154993319370353
0.0785025866136433 -0.154021910574189
0.0785025866136433 -0.153139454915672
-0.607026784497791 -0.152337748349736
-0.607026784497791 -0.15160935361506
-0.607026784497791 -0.150947526818742
-0.607026784497791 -0.126327313047919
-0.607026784497791 -0.0747549862837769
-0.607026784497791 -0.0156316267787167
-0.607026784497791 0.0421880732914375
-0.607026784497791 0.095231575448551
-0.607026784497791 0.142525520058627
-0.607026784497791 0.184166592721414
-0.607026784497791 0.220655825373906
-0.607026784497791 0.252603265341426
-0.607026784497791 0.280605075496282
-0.607026784497791 0.30519849831695
-0.607026784497791 0.326850706374379
-0.607026784497791 0.345961477191663
-0.607026784497791 0.362870742345947
-0.607026784497791 0.377867163216527
-0.607026784497791 0.391196197296897
-0.607026784497791 0.403067142910985
-0.607026784497791 0.413659084784102
-0.607026784497791 0.423125831502518
-0.607026784497791 0.431599987500388
-0.607026784497791 0.439196304987667
-0.607026784497791 0.446014445823396
-0.607026784497791 0.452141263086792
-0.607026784497791 0.457652692444852
-0.607026784497791 0.462615326268896
-0.607026784497791 0.467087729206587
-0.607026784497791 0.471121542365635
-0.607026784497791 0.474762414013825
-0.607026784497791 0.478050787329982
-0.607026784497791 0.481022569878427
-0.607026784497791 0.483709704813397
-0.607026784497791 0.486140660097952
-0.607026784497791 0.488340849044311
-0.607026784497791 0.490332993092516
-0.607026784497791 0.492137435818909
-0.607026784497791 0.49377241560902
-0.607026784497791 0.495254303165831
-0.607026784497791 0.496597808995
-0.607026784497791 0.497816165166842
-0.607026784497791 0.498921284964164
-0.607026784497791 0.499923903456084
-0.607026784497791 0.500833701567824
-0.607026784497791 0.501659415826487
-0.607026784497791 0.502408935638335
-0.607026784497791 0.503089389682126
-0.607026784497791 0.503707222776082
-0.607026784497791 0.504268264385278
-0.299167054378971 0.504777789775364
-0.299167054378971 0.50524057468248
-0.299167054378971 0.505660944253706
-0.299167054378971 0.50293745195335
-0.299167054378971 0.496394794602337
-0.299167054378971 0.488252811371811
-0.299167054378971 0.479628914955143
-0.299167054378971 0.471084194357755
-0.299167054378971 0.462892461154519
-0.299167054378971 0.4551777707478
-0.299167054378971 0.447986065956003
-0.299167054378971 0.441322856007472
-0.299167054378971 0.435173127023458
-0.299167054378971 0.429511890082059
-0.299167054378971 0.424309776998479
-0.299167054378971 0.419536008677681
-0.299167054378971 0.415159964310522
-0.299167054378971 0.411152001361228
-0.299167054378971 0.407483871065274
-0.299167054378971 0.40412891303581
-0.299167054378971 0.401062127475591
-0.299167054378971 0.398260178457718
-0.299167054378971 0.395701357808789
-0.299167054378971 0.393365526314823
-0.299167054378971 0.39123404202157
-0.299167054378971 0.389289681557225
-0.299167054378971 0.387516558218281
-0.299167054378971 0.385900039266416
-0.299167054378971 0.384426664084117
-0.299167054378971 0.383084064316079
-0.299167054378971 0.3818608867677
-0.299167054378971 0.380746719578733
-0.299167054378971 0.379732022004037
-0.299167054378971 0.378808057993828
-0.299167054378971 0.377966833660149
-0.299167054378971 0.377201038636099
-0.299167054378971 0.376503991273932
-0.299167054378971 0.375869587583301
-0.299167054378971 0.375292253778327
-0.299167054378971 0.37476690227943
-0.299167054378971 0.374288891000859
-0.299167054378971 0.373853985745975
-0.299167054378971 0.373458325528302
-0.299167054378971 0.373098390635998
-0.299167054378971 0.372770973259868
-0.299167054378971 0.372473150509692
-0.299167054378971 0.37220225964974
-0.299167054378971 0.371955875391628
-0.299167054378971 0.371731789090562
-0.299167054378971 0.371527989699427
-0.100682947365885 0.371342646343692
-0.100682947365885 0.371174092388704
-0.100682947365885 0.371020810879362
-0.100682947365885 0.366336455005805
-0.100682947365885 0.356097907017131
-0.100682947365885 0.343524721546104
-0.100682947365885 0.330243960172878
-0.100682947365885 0.317079225044617
-0.100682947365885 0.304437471178798
-0.100682947365885 0.292506888205344
-0.100682947365885 0.281360420439239
-0.100682947365885 0.271010549304128
-0.100682947365885 0.261438469547038
-0.100682947365885 0.252609697771163
-0.100682947365885 0.244482457874691
-0.100682947365885 0.237012205859929
-0.100682947365885 0.230154080563262
-0.100682947365885 0.223864231322478
-0.100682947365885 0.218100530270824
-0.100682947365885 0.212822941706706
-0.100682947365885 0.207993696090853
-0.100682947365885 0.203577349768589
-0.100682947365885 0.199540775983744
-0.100682947365885 0.195853113579454
-0.100682947365885 0.192485689278008
-0.100682947365885 0.189411923540628
-0.100682947365885 0.186607226591059
-0.100682947365885 0.184048889116252
-0.100682947365885 0.181715970836856
-0.100682947365885 0.179589189251519
-0.100682947365885 0.177650810230722
-0.100682947365885 0.17588454167341
-0.100682947365885 0.174275431089258
-0.100682947365885 0.172809767698848
-0.100682947365885 0.171474989433377
-0.100682947365885 0.170259595050881
-0.100682947365885 0.169153061458022
-0.100682947365885 0.16814576622769
-0.100682947365885 0.167228915227582
-0.100682947365885 0.166394475218845
-0.100682947365885 0.165635111243213
-0.100682947365885 0.164944128588744
-0.100682947365885 0.164315419105861
-0.100682947365885 0.163743411634715
-0.100682947365885 0.163223026300424
-0.100682947365885 0.162749632432969
-0.100682947365885 0.162319009872363
-0.100682947365885 0.161927313426256
-0.100682947365885 0.161571040255611
-0.100682947365885 0.161246999973963
-0.178296378431048 0.160952287256446
-0.178296378431048 0.160684256766038
-0.178296378431048 0.160440500215901
-0.178296378431048 0.162800567514823
-0.178296378431048 0.168249570915009
-0.178296378431048 0.174856606074068
-0.178296378431048 0.181674816272121
-0.178296378431048 0.188261050988841
-0.178296378431048 0.194425244176812
-0.178296378431048 0.200102148365792
-0.178296378431048 0.205286423668052
-0.178296378431048 0.210000082802711
-0.178296378431048 0.214276340579821
-0.178296378431048 0.218151740161027
-0.178296378431048 0.221662434873042
-0.178296378431048 0.224842541556251
-0.178296378431048 0.227723514010543
-0.178296378431048 0.230334007699324
-0.178296378431048 0.232699971109807
-0.178296378431048 0.234844832605403
-0.178296378431048 0.236789718839548
-0.178296378431048 0.238553674534491
-0.178296378431048 0.240153870226195
-0.178296378431048 0.241605792827264
-0.178296378431048 0.242923417812968
-0.178296378431048 0.244119363641849
-0.178296378431048 0.245205029768952
-0.178296378431048 0.246190719843744
-0.178296378431048 0.247085751680447
-0.178296378431048 0.247898555481495
-0.178296378431048 0.248636761651331
-0.178296378431048 0.249307279388733
-0.178296378431048 0.249916367105158
-0.178296378431048 0.250469695589331
-0.178296378431048 0.250972404725758
-0.178296378431048 0.251429154476374
-0.178296378431048 0.251844170748822
-0.178296378431048 0.252221286700436
-0.178296378431048 0.252563979962295
-0.178296378431048 0.252875406211479
-0.178296378431048 0.253158429470671
-0.178296378431048 0.253415649471432
-0.178296378431048 0.253649426380106
-0.178296378431048 0.253861903152457
-0.178296378431048 0.254055025754336
-0.178296378431048 0.254230561460264
-0.178296378431048 0.254390115419417
-0.178296378431048 0.254535145658683
-0.178296378431048 0.254666976674879
-0.178296378431048 0.254786811752674
-0.627232290630803 0.254895744130839
-0.627232290630803 0.254994767127168
-0.627232290630803 0.25508478332134
-0.627232290630803 0.263035908156801
-0.627232290630803 0.280118949692575
-0.627232290630803 0.300244356260264
-0.627232290630803 0.320510502011605
-0.627232290630803 0.339650990293243
-0.627232290630803 0.357196443703482
-0.627232290630803 0.373049543378127
-0.627232290630803 0.387276684250705
-0.627232290630803 0.400008309351873
-0.627232290630803 0.411392563562158
-0.627232290630803 0.421574723424797
-0.627232290630803 0.430688901047553
-0.627232290630803 0.438855461785247
-0.627232290630803 0.446180994380242
-0.627232290630803 0.452759328138644
-0.627232290630803 0.458672894997874
-0.627232290630803 0.46399412160303
-0.627232290630803 0.468786721147858
-0.627232290630803 0.473106840973388
-0.627232290630803 0.477004060647818
-0.627232290630803 0.480522251306043
-0.627232290630803 0.483700312486644
-0.627232290630803 0.486572803408454
-0.627232290630803 0.489170484367335
-0.627232290630803 0.491520782008792
-0.627232290630803 0.493648190226499
-0.627232290630803 0.495574616589886
-0.627232290630803 0.497319682594936
-0.627232290630803 0.498900984668972
-0.627232290630803 0.500334321721556
-0.627232290630803 0.501633894089156
-0.627232290630803 0.502812477940204
-0.627232290630803 0.503881578561413
-0.627232290630803 0.504851565411848
-0.627232290630803 0.505731791388066
-0.627232290630803 0.506530698375281
-0.627232290630803 0.507255910852372
-0.627232290630803 0.507914319061792
-0.627232290630803 0.508512153040045
-0.627232290630803 0.509055048623232
-0.627232290630803 0.509548106389216
-0.627232290630803 0.509995944368499
-0.627232290630803 0.510402745245948
-0.627232290630803 0.510772298681834
-0.627232290630803 0.511108039300606
-0.627232290630803 0.511413080827227
-0.627232290630803 0.511690246791922
0.106891368099903 0.511942098173346
0.106891368099903 0.512170958306233
0.106891368099903 0.512378935341462
0.106891368099903 0.501468527323927
0.106891368099903 0.47635189259873
0.106891368099903 0.444196355484387
0.106891368099903 0.408743412408158
0.106891368099903 0.372089675207054
0.106891368099903 0.335457907647194
0.106891368099903 0.299577249577638
0.106891368099903 0.264886608954436
0.106891368099903 0.231648634422269
0.106891368099903 0.200015407704848
0.106891368099903 0.170067190599711
0.106891368099903 0.141835894669189
0.106891368099903 0.11531980267201
0.106891368099903 0.0904932187607753
0.106891368099903 0.0673131173676305
0.106891368099903 0.0457239548004864
0.106891368099903 0.0256613003172403
0.106891368099903 0.00705466201083937
0.106891368099903 -0.0101702719290149
0.106891368099903 -0.0260898406376031
0.106891368099903 -0.0407809770860315
0.106891368099903 -0.0543200698606017
0.106891368099903 -0.0667820712784757
0.106891368099903 -0.0782398121129111
0.106891368099903 -0.0887634894590301
0.106891368099903 -0.0984202989818388
0.106891368099903 -0.107274186646627
0.106891368099903 -0.115385698368732
0.106891368099903 -0.122811908984981
0.106891368099903 -0.129606414608172
0.106891368099903 -0.135819374807386
0.106891368099903 -0.141497593176583
0.106891368099903 -0.146684626724787
0.106891368099903 -0.151420916157659
0.106891368099903 -0.155743930538996
0.106891368099903 -0.15968832104
0.106891368099903 -0.163286079523477
0.106891368099903 -0.166566698588998
0.106891368099903 -0.169557330442567
0.106891368099903 -0.172282942568468
0.106891368099903 -0.174766468688519
0.106891368099903 -0.177028953910075
0.106891368099903 -0.179089693302395
0.106891368099903 -0.180966363413536
0.106891368099903 -0.182675146457242
0.106891368099903 -0.184230847070512
0.106891368099903 -0.18564700167558
0.523223655076336 -0.186935980581578
0.523223655076336 -0.18810908303695
0.523223655076336 -0.189176625498516
0.523223655076336 -0.204563769642018
0.523223655076336 -0.237795303640199
0.523223655076336 -0.278957370156522
0.523223655076336 -0.322970241408215
0.523223655076336 -0.367167698689572
0.523223655076336 -0.41015076774948
0.523223655076336 -0.451204435386258
0.523223655076336 -0.489988725669392
0.523223655076336 -0.526371472762107
0.523223655076336 -0.560336558133933
0.523223655076336 -0.591932961809049
0.523223655076336 -0.621246075607979
0.523223655076336 -0.648381245063626
0.523223655076336 -0.673454091973525
0.523223655076336 -0.696584652463423
0.523223655076336 -0.717893710975766
0.523223655076336 -0.737500439005334
0.523223655076336 -0.755520841435087
0.523223655076336 -0.7720667267487
0.523223655076336 -0.78724503359644
0.523223655076336 -0.801157410188291
0.523223655076336 -0.813899978974189
0.523223655076336 -0.825563239985777
0.523223655076336 -0.836232078952037
0.523223655076336 -0.845985854526947
0.523223655076336 -0.854898544628411
0.523223655076336 -0.863038936023671
0.523223655076336 -0.870470844468607
0.523223655076336 -0.877253355227311
0.523223655076336 -0.883441075842794
0.523223655076336 -0.889084394709068
0.523223655076336 -0.89422974038116
0.523223655076336 -0.898919837704565
0.523223655076336 -0.903193957788695
0.523223655076336 -0.907088159622043
0.523223655076336 -0.910635521756825
0.523223655076336 -0.913866363000337
0.523223655076336 -0.916808451458806
0.523223655076336 -0.919487201603603
0.523223655076336 -0.921925859283739
0.523223655076336 -0.924145674804689
0.523223655076336 -0.926166064342165
0.523223655076336 -0.928004760069213
0.523223655076336 -0.92967794945326
0.523223655076336 -0.931200404232779
0.523223655076336 -0.932585599615979
0.523223655076336 -0.933845824260845
-0.180029132021605 -0.934992281600288
-0.180029132021605 -0.936035183071068
-0.180029132021605 -0.936983833792844
-0.180029132021605 -0.891892819105355
-0.180029132021605 -0.795376372311389
-0.180029132021605 -0.684921168984292
-0.180029132021605 -0.577486915275656
-0.180029132021605 -0.479558920332871
-0.180029132021605 -0.392814549951579
-0.180029132021605 -0.31691707595307
-0.180029132021605 -0.250800375084826
-0.180029132021605 -0.193227757141927
-0.180029132021605 -0.143017392850962
-0.180029132021605 -0.099119894638183
-0.180029132021605 -0.0606331643835574
-0.180029132021605 -0.0267926859719607
-0.180029132021605 0.00304607212186103
-0.180029132021605 0.0294262019420189
-0.180029132021605 0.052806227021765
-0.180029132021605 0.0735745425484441
-0.180029132021605 0.0920614289406709
-0.180029132021605 0.108548916293185
-0.180029132021605 0.12327884250318
-0.180029132021605 0.136459430835201
-0.180029132021605 0.148270668203086
-0.180029132021605 0.158868716584219
-0.180029132021605 0.168389545497455
-0.180029132021605 0.17695193594719
-0.180029132021605 0.184659975709575
-0.180029132021605 0.191605141456376
-0.180029132021605 0.197868043909425
-0.180029132021605 0.203519896987702
-0.180029132021605 0.208623759893534
-0.180029132021605 0.213235591589814
-0.180029132021605 0.217405149596845
-0.180029132021605 0.221176759056013
-0.180029132021605 0.224589973234042
-0.180029132021605 0.227680142817429
-0.180029132021605 0.230478908270639
-0.180029132021605 0.23301462704787
-0.180029132021605 0.235312745434543
-0.180029132021605 0.237396123156078
-0.180029132021605 0.239285317552997
-0.180029132021605 0.240998833023969
-0.180029132021605 0.242553340535431
-0.180029132021605 0.243963871250786
-0.180029132021605 0.245243987714262
-0.180029132021605 0.24640593551084
-0.180029132021605 0.247460777894972
-0.180029132021605 0.24841851552211
0.250378112890934 0.249288193115701
0.250378112890934 0.250077994648497
0.250378112890934 0.250795328402401
0.250378112890934 0.238344267160854
0.250378112890934 0.209348945627459
0.250378112890934 0.172579181005681
0.250378112890934 0.132566193288425
0.250378112890934 0.0917648743441046
0.250378112890934 0.0515332378442517
0.250378112890934 0.0126238403704187
0.250378112890934 -0.0245543729659137
0.250378112890934 -0.0597917874479266
0.250378112890934 -0.0929969544191627
0.250378112890934 -0.1241501255763
0.250378112890934 -0.153276096746665
0.250378112890934 -0.180427893709592
0.250378112890934 -0.205676615711716
0.250378112890934 -0.229104840886661
0.250378112890934 -0.250802151747924
0.250378112890934 -0.270861974531918
0.250378112890934 -0.289379274944939
0.250378112890934 -0.306448843846529
0.250378112890934 -0.322164011182709
0.250378112890934 -0.336615684508319
0.250378112890934 -0.349891641250201
0.250378112890934 -0.362076023120625
0.250378112890934 -0.373248993043387
0.250378112890934 -0.383486522923322
0.250378112890934 -0.392860286321737
0.250378112890934 -0.401437634510742
0.250378112890934 -0.409281637947287
0.250378112890934 -0.416451178186951
0.250378112890934 -0.42300107778759
0.250378112890934 -0.42898225791636
0.250378112890934 -0.43444191522486
0.250378112890934 -0.439423711136574
0.250378112890934 -0.443967968031938
0.250378112890934 -0.448111867948386
0.250378112890934 -0.451889650362135
0.250378112890934 -0.455332806409248
0.250378112890934 -0.458470267557422
0.250378112890934 -0.461328587276649
0.250378112890934 -0.463932114693762
0.250378112890934 -0.466303159568403
0.250378112890934 -0.468462148209531
0.250378112890934 -0.470427770173989
0.250378112890934 -0.472217115761914
0.250378112890934 -0.473845804456472
0.250378112890934 -0.47532810455493
0.250378112890934 -0.476677044310548
0.104943357922576 -0.477904514955393
0.104943357922576 -0.479021366007334
0.104943357922576 -0.480037493283675
0.104943357922576 -0.472879006191312
0.104943357922576 -0.456088205624723
0.104943357922576 -0.435777030042163
0.104943357922576 -0.414922285226575
0.104943357922576 -0.394892100330517
0.104943357922576 -0.376252637584813
0.104943357922576 -0.359180421886453
0.104943357922576 -0.343669239971028
0.104943357922576 -0.329632551263417
0.104943357922576 -0.316953401252476
0.104943357922576 -0.305508164987233
0.104943357922576 -0.295177343486505
0.104943357922576 -0.285850023675737
0.104943357922576 -0.277425294224797
0.104943357922576 -0.269812248703817
0.104943357922576 -0.262929377520381
0.104943357922576 -0.256703736327331
0.104943357922576 -0.25107007314116
0.104943357922576 -0.245969995165485
0.104943357922576 -0.241351207100895
0.104943357922576 -0.237166829395063
0.104943357922576 -0.233374794347614
0.104943357922576 -0.229937313682387
0.104943357922576 -0.226820409870845
0.104943357922576 -0.22399350351879
0.104943357922576 -0.221429049724111
0.104943357922576 -0.219102217098138
0.104943357922576 -0.216990603943526
0.104943357922576 -0.21507398682387
0.104943357922576 -0.213334097418753
0.104943357922576 -0.211754424129082
0.104943357922576 -0.210320035387452
0.104943357922576 -0.209017422046008
0.104943357922576 -0.207834356569947
0.104943357922576 -0.206759767067574
0.104943357922576 -0.205783624445898
0.104943357922576 -0.204896841201157
0.104943357922576 -0.204091180542372
0.104943357922576 -0.203359174707974
0.104943357922576 -0.20269405147493
0.104943357922576 -0.202089667980087
0.104943357922576 -0.201540451077538
0.104943357922576 -0.201041343546145
0.104943357922576 -0.200587755539929
0.104943357922576 -0.200175520742581
0.104943357922576 -0.199800856747313
0.104943357922576 -0.199460329235782
-0.216983395264011 -0.199150819576028
-0.216983395264011 -0.198869495499992
-0.216983395264011 -0.198613784557109
-0.216983395264011 -0.18262782001752
-0.216983395264011 -0.148512324348278
-0.216983395264011 -0.108595570767982
-0.216983395264011 -0.0686922853343326
-0.216983395264011 -0.031277377592335
-0.216983395264011 0.00278375802225206
-0.216983395264011 0.0333620383879191
-0.216983395264011 0.0606416712678554
-0.216983395264011 0.084921321656545
-0.216983395264011 0.106523923143132
-0.216983395264011 0.125758181831005
-0.216983395264011 0.142904200341151
-0.216983395264011 0.15821002156372
-0.216983395264011 0.17189284152642
-0.216983395264011 0.184141979571818
-0.216983395264011 0.195122288552161
-0.216983395264011 0.204977442430929
-0.216983395264011 0.213832890134845
-0.216983395264011 0.221798423258243
-0.216983395264011 0.228970372726187
-0.216983395264011 0.235433474556413
-0.216983395264011 0.24126245076726
-0.216983395264011 0.246523349317951
-0.216983395264011 0.251274681877431
-0.216983395264011 0.255568392501313
-0.216983395264011 0.259450684913053
-0.216983395264011 0.262962731372892
-0.216983395264011 0.266141282137161
-0.216983395264011 0.269019191208554
-0.216983395264011 0.27162587136403
-0.216983395264011 0.273987689225406
-0.216983395264011 0.276128309320834
-0.216983395264011 0.278068994598486
-0.216983395264011 0.27982886963453
-0.216983395264011 0.281425151775364
-0.216983395264011 0.282873354627957
-0.216983395264011 0.284187467629064
-0.216983395264011 0.285380114857465
-0.216983395264011 0.286462695781831
-0.216983395264011 0.287445510243151
-0.216983395264011 0.288337869640859
-0.216983395264011 0.289148196014734
-0.216983395264011 0.289884110480989
-0.216983395264011 0.290552512283408
-0.216983395264011 0.291159649552797
-0.216983395264011 0.291711182725316
-0.216983395264011 0.292212241448522
-0.839924202226067 0.292667475699674
-0.839924202226067 0.293081101751298
-0.839924202226067 0.293456943541887
-0.839924202226067 0.301426020607845
-0.839924202226067 0.318208073185601
-0.839924202226067 0.337893068188814
-0.839924202226067 0.35767161631524
-0.839924202226067 0.376323345396221
-0.839924202226067 0.393400797126018
-0.839924202226067 0.408816156641055
-0.839924202226067 0.422639021608686
-0.839924202226067 0.434999910252197
-0.839924202226067 0.446045553061852
-0.839924202226067 0.455919162694589
-0.839924202226067 0.464752564656355
-0.839924202226067 0.472663827986794
-0.839924202226067 0.479757337950462
-0.839924202226067 0.48612485881832
-0.839924202226067 0.491846912338487
-0.839924202226067 0.496994171430757
-0.839924202226067 0.501628746371838
-0.839924202226067 0.505805323384979
-0.839924202226067 0.509572152402933
-0.839924202226067 0.512971895842902
-0.839924202226067 0.516042355170635
-0.839924202226067 0.518817092457872
-0.839924202226067 0.521325962727373
-0.839924202226067 0.523595570875307
-0.839924202226067 0.525649664912812
-0.839924202226067 0.527509475399785
-0.839924202226067 0.529194009324191
-0.839924202226067 0.530720305312581
-0.839924202226067 0.532103655917925
-0.839924202226067 0.533357801787647
-0.839924202226067 0.534495101735851
-0.839924202226067 0.535526682100741
-0.839924202226067 0.536462568236801
-0.839924202226067 0.537311800551101
-0.839924202226067 0.538082537127589
-0.839924202226067 0.538782144678899
-0.839924202226067 0.539417279310937
-0.839924202226067 0.539993958372565
-0.839924202226067 0.540517624483674
-0.839924202226067 0.540993202684006
-0.839924202226067 0.541425151517459
-0.839924202226067 0.541817508758277
-0.839924202226067 0.542173932393393
-0.839924202226067 0.542497737396479
-0.839924202226067 0.542791928761896
-0.839924202226067 0.543059231208887
-0.606066813509011 0.54330211591649
-0.606066813509011 0.54352282460663
-0.606066813509011 0.543723391255519
-0.606066813509011 0.543036743796155
-0.606066813509011 0.541287084071603
-0.606066813509011 0.53911013497204
-0.606066813509011 0.536822411756077
-0.606066813509011 0.534578083289476
-0.606066813509011 0.532448467145491
-0.606066813509011 0.530462742910274
-0.606066813509011 0.528628897126445
-0.606066813509011 0.526944507280392
-0.606066813509011 0.525402282874185
-0.606066813509011 0.523992897248075
-0.606066813509011 0.52270641927775
-0.606066813509011 0.521533022173185
-0.606066813509011 0.520463319846506
-0.606066813509011 0.519488512215209
-0.606066813509011 0.518600433279214
-0.606066813509011 0.517791550505279
-0.606066813509011 0.517054940601113
-0.606066813509011 0.516384254619445
-0.606066813509011 0.515773679041888
-0.606066813509011 0.515217896230222
-0.606066813509011 0.514712045938367
-0.606066813509011 0.514251688696551
-0.606066813509011 0.513832771419432
-0.606066813509011 0.513451595349995
-0.606066813509011 0.513104786326187
-0.606066813509011 0.512789267293056
-0.606066813509011 0.512502232951201
-0.606066813509011 0.512241126417862
-0.606066813509011 0.512003617771928
-0.606066813509011 0.511787584354462
-0.606066813509011 0.511591092699593
-0.606066813509011 0.511412381975554
-0.606066813509011 0.511249848821532
-0.606066813509011 0.511102033472312
-0.606066813509011 0.510967607069211
-0.606066813509011 0.510845360062359
-0.606066813509011 0.510734191615753
-0.606066813509011 0.510633099932751
-0.606066813509011 0.510541173425659
-0.606066813509011 0.510457582658697
-0.606066813509011 0.510381572999088
-0.606066813509011 0.510312457916035
-0.606066813509011 0.510249612872137
-0.606066813509011 0.510192469756239
-0.606066813509011 0.510140511810863
-0.606066813509011 0.510093269011223
-0.164934645949367 0.510050313856382
-0.164934645949367 0.510011257536446
-0.164934645949367 0.50997574644272
-0.164934645949367 0.50458039437276
-0.164934645949367 0.492550900010015
-0.164934645949367 0.477609943384237
-0.164934645949367 0.461656725098728
-0.164934645949367 0.44567833967533
-0.164934645949367 0.430184796541357
-0.164934645949367 0.415430569172783
-0.164934645949367 0.401531513833196
-0.164934645949367 0.388527768673233
-0.164934645949367 0.376417992263935
-0.164934645949367 0.365178186979601
-0.164934645949367 0.354772168208909
-0.164934645949367 0.34515747737758
-0.164934645949367 0.336288789270696
-0.164934645949367 0.328119923257663
-0.164934645949367 0.320605060988828
-0.164934645949367 0.313699500068249
-0.164934645949367 0.307360126182635
-0.164934645949367 0.301545706870713
-0.164934645949367 0.296217067122038
-0.164934645949367 0.291337183421681
-0.164934645949367 0.286871219678532
-0.164934645949367 0.282786520877381
-0.164934645949367 0.279052575720422
-0.164934645949367 0.27564095661419
-0.164934645949367 0.272525243391461
-0.164934645949367 0.269680935748403
-0.164934645949367 0.267085358316534
-0.164934645949367 0.264717561460898
-0.164934645949367 0.262558220233825
-0.164934645949367 0.260589533376911
-0.164934645949367 0.258795123826035
-0.164934645949367 0.257159941816599
-0.164934645949367 0.25567017139469
-0.164934645949367 0.254313140903446
-0.164934645949367 0.253077237823327
-0.164934645949367 0.251951828192766
-0.164934645949367 0.25092718071521
-0.164934645949367 0.249994395564502
-0.164934645949367 0.249145337828196
-0.164934645949367 0.248372575473878
-0.164934645949367 0.247669321683526
-0.164934645949367 0.247029381372657
-0.164934645949367 0.246447101692164
-0.164934645949367 0.245917326299354
-0.164934645949367 0.245435353179261
-0.164934645949367 0.244996895796434
-0.0565944710078623 0.244598047360035
-0.0565944710078623 0.244235247990403
-0.0565944710078623 0.243905254582429
-0.0565944710078623 0.240254344273122
-0.0565944710078623 0.232557830999195
-0.0565944710078623 0.223222953301424
-0.0565944710078623 0.213456678212252
-0.0565944710078623 0.203857152618208
-0.0565944710078623 0.194709148678436
-0.0565944710078623 0.186135496088748
-0.0565944710078623 0.178175700618289
-0.0565944710078623 0.17082699992184
-0.0565944710078623 0.164065848365658
-0.0565944710078623 0.157859156363074
-0.0565944710078623 0.152170153127744
-0.0565944710078623 0.146961423141953
-0.0565944710078623 0.142196454160268
-0.0565944710078623 0.137840399323314
-0.0565944710078623 0.133860422964703
-0.0565944710078623 0.130225825106606
-0.0565944710078623 0.126908048047804
-0.0565944710078623 0.12388062031861
-0.0565944710078623 0.121119067900426
-0.0565944710078623 0.118600809146308
-0.0565944710078623 0.116305042626984
-0.0565944710078623 0.114212633203506
-0.0565944710078623 0.112305999445882
-0.0565944710078623 0.110569004266854
-0.0565944710078623 0.108986849896513
-0.0565944710078623 0.10754597786217
-0.0565944710078623 0.106233974339293
-0.0565944710078623 0.105039481038422
-0.0565944710078623 0.103952111653887
-0.0565944710078623 0.102962373802131
-0.0565944710078623 0.102061596308111
-0.0565944710078623 0.101241861649702
-0.0565944710078623 0.100495943336985
-0.0565944710078623 0.0998172479820663
-0.0565944710078623 0.0991997618028512
-0.0565944710078623 0.0986380012988809
-0.0565944710078623 0.0981269678373661
-0.0565944710078623 0.0976621058915078
-0.0565944710078623 0.097239264680153
-0.0565944710078623 0.096854662966908
-0.0565944710078623 0.0965048567873988
-0.0565944710078623 0.096186709884891
-0.0565944710078623 0.0958973666465701
-0.0565944710078623 0.095634227345098
-0.0565944710078623 0.0953949255023775
-0.0565944710078623 0.0951773072045727
0.816725770857523 0.0949794122092189
0.816725770857523 0.0947994566966113
0.816725770857523 0.0946358175285122
0.816725770857523 0.0743977748398604
0.816725770857523 0.0285011094114147
0.816725770857523 -0.030054728235261
0.816725770857523 -0.094481973427184
0.816725770857523 -0.160984789064524
0.816725770857523 -0.22735770125842
0.816725770857523 -0.292292533549829
0.816725770857523 -0.355007459263817
0.816725770857523 -0.415039302906489
0.816725770857523 -0.472124007288648
0.816725770857523 -0.526126266877948
0.816725770857523 -0.576997003604182
0.816725770857523 -0.624746766218958
0.816725770857523 -0.669428349372703
0.816725770857523 -0.711124862729956
0.816725770857523 -0.749941131733705
0.816725770857523 -0.785997235048516
0.816725770857523 -0.819423495635042
0.816725770857523 -0.850356523900937
0.816725770857523 -0.878936065415387
0.816725770857523 -0.905302490192018
0.816725770857523 -0.929594807681975
0.816725770857523 -0.9519491189407
0.816725770857523 -0.972497434370652
0.816725770857523 -0.991366796961207
0.816725770857523 -1.00867865959539
0.816725770857523 -1.02454847204188
0.816725770857523 -1.03908543931176
0.816725770857523 -1.05239241841654
0.816725770857523 -1.0645659253439
0.816725770857523 -1.07569622833174
0.816725770857523 -1.08586750730324
0.816725770857523 -1.09515806265369
0.816725770857523 -1.10364055948447
0.816725770857523 -1.11138229589143
0.816725770857523 -1.11844548606964
0.816725770857523 -1.12488755083005
0.816725770857523 -1.13076140967092
0.816725770857523 -1.13611576984381
0.816725770857523 -1.14099540893149
0.816725770857523 -1.14544144834495
0.816725770857523 -1.14949161587391
0.816725770857523 -1.15318049601679
0.816725770857523 -1.15653976729004
0.816725770857523 -1.15959842609525
0.816725770857523 -1.16238299701879
0.816725770857523 -1.16491772966897
0.710030802390553 -1.16722478233006
0.710030802390553 -1.16932439284249
0.710030802390553 -1.17123503721145
0.710030802390553 -1.17138734409627
0.710030802390553 -1.1694818812162
0.710030802390553 -1.16670315670639
0.710030802390553 -1.16364280666585
0.710030802390553 -1.16058884574601
0.710030802390553 -1.15767486844192
0.710030802390553 -1.15495661833774
0.710030802390553 -1.15245114547407
0.710030802390553 -1.15015676149381
0.710030802390553 -1.14806315921485
0.710030802390553 -1.14615650233641
0.710030802390553 -1.14442194766092
0.710030802390553 -1.14284486049911
0.710030802390553 -1.14141136820313
0.710030802390553 -1.14010858143431
0.710030802390553 -1.13892465132135
0.710030802390553 -1.1378487480325
0.710030802390553 -1.13687100401942
0.710030802390553 -1.13598244359517
0.710030802390553 -1.13517490949751
0.710030802390553 -1.13444099149429
0.710030802390553 -1.13377395926345
0.710030802390553 -1.13316770037091
0.710030802390553 -1.13261666348119
0.710030802390553 -1.13211580661275
0.710030802390553 -1.13166055011102
0.710030802390553 -1.13124673396487
0.710030802390553 -1.13087057908876
0.710030802390553 -1.13052865221008
0.710030802390553 -1.1302178340265
0.710030802390553 -1.12993529032628
0.710030802390553 -1.12967844579221
0.710030802390553 -1.12944496023591
0.710030802390553 -1.12923270703348
0.710030802390553 -1.12903975355541
0.710030802390553 -1.12886434340355
0.710030802390553 -1.12870488028599
0.710030802390553 -1.12855991337694
0.710030802390553 -1.12842812402312
0.710030802390553 -1.12830831367145
0.710030802390553 -1.12819939290496
0.710030802390553 -1.12810037148384
0.710030802390553 -1.12801034929918
0.710030802390553 -1.12792850815473
0.710030802390553 -1.12785410430061
0.710030802390553 -1.12778646164963
0.710030802390553 -1.12772496561345
-0.512304221984141 -1.12766905750167
-0.512304221984141 -1.12761822943226
-0.512304221984141 -1.12757201970625
-0.512304221984141 -1.05398277456073
-0.512304221984141 -0.901057239239202
-0.512304221984141 -0.731132264963401
-0.512304221984141 -0.570962373440743
-0.512304221984141 -0.429437354692593
-0.512304221984141 -0.307735824757021
-0.512304221984141 -0.204155630039699
-0.512304221984141 -0.11619448959818
-0.512304221984141 -0.0413684555661367
-0.512304221984141 0.0225121106048707
-0.512304221984141 0.077286192619066
-0.512304221984141 0.124466751095393
-0.512304221984141 0.16528913680982
-0.512304221984141 0.200761093551254
-0.512304221984141 0.231706794616479
-0.512304221984141 0.258803225919843
-0.512304221984141 0.28260939329786
-0.512304221984141 0.303589476061459
-0.512304221984141 0.322131104057686
-0.512304221984141 0.338559790055416
-0.512304221984141 0.353150358984169
-0.512304221984141 0.366136037763515
-0.512304221984141 0.377715721030287
-0.512304221984141 0.38805981021542
-0.512304221984141 0.397314932086296
-0.512304221984141 0.405607772888144
-0.512304221984141 0.41304821082997
-0.512304221984141 0.419731888944406
-0.512304221984141 0.425742339234305
-0.512304221984141 0.431152745155683
-0.512304221984141 0.436027411107357
-0.512304221984141 0.440422993374989
-0.512304221984141 0.44438953591694
-0.512304221984141 0.447971345735306
-0.512304221984141 0.451207735786341
-0.512304221984141 0.454133658026363
-0.512304221984141 0.456780244940345
-0.512304221984141 0.459175274515652
-0.512304221984141 0.461343570915024
-0.512304221984141 0.463307350926331
-0.512304221984141 0.465086524510147
-0.512304221984141 0.46669895634298
-0.512304221984141 0.468160694096247
-0.512304221984141 0.469486168245669
-0.512304221984141 0.470688367430917
-0.512304221984141 0.471778992747886
-0.512304221984141 0.472768593829775
-0.29705888745238 0.473666689137157
-0.29705888745238 0.474481872514868
-0.29705888745238 0.475221907771239
-0.29705888745238 0.47327573715627
-0.29705888745238 0.46809320093057
-0.29705888745238 0.461563820499038
-0.29705888745238 0.454635100307225
-0.29705888745238 0.447778436853572
-0.29705888745238 0.441220431850421
-0.29705888745238 0.435061115814494
-0.29705888745238 0.429335261818089
-0.29705888745238 0.424044402521116
-0.29705888745238 0.419173593890794
-0.29705888745238 0.41470019400052
-0.29705888745238 0.410598450366887
-0.29705888745238 0.406841883077278
-0.29705888745238 0.403404506514471
-0.29705888745238 0.400261437517648
-0.29705888745238 0.397389178246942
-0.29705888745238 0.394765725865754
-0.29705888745238 0.392370589702267
-0.29705888745238 0.39018475899776
-0.29705888745238 0.388190644549738
-0.29705888745238 0.386372007058771
-0.29705888745238 0.3847138793674
-0.29705888745238 0.383202486725846
-0.29705888745238 0.381825167524069
-0.29705888745238 0.380570295960677
-0.29705888745238 0.379427207544191
-0.29705888745238 0.378386127966295
-0.29705888745238 0.377438105656525
-0.29705888745238 0.376574948173002
-0.29705888745238 0.375789162476362
-0.29705888745238 0.375073899057981
-0.29705888745238 0.374422899839394
-0.29705888745238 0.373830449721453
-0.29705888745238 0.373291331635208
-0.29705888745238 0.372800784928908
-0.29705888745238 0.372354466914885
-0.29705888745238 0.371948417394675
-0.29705888745238 0.371579025979471
-0.29705888745238 0.371243002024819
-0.29705888745238 0.370937347002559
-0.29705888745238 0.370659329138867
-0.29705888745238 0.370406460154246
-0.29705888745238 0.370176473949129
-0.29705888745238 0.369967307087064
-0.29705888745238 0.369777080936001
-0.29705888745238 0.369604085336782
-0.29705888745238 0.36944676367647
-0.668721412154251 0.369303699252448
-0.668721412154251 0.369173602821271
-0.668721412154251 0.369055301233933
-0.668721412154251 0.373348645599411
-0.668721412154251 0.382821693144108
-0.668721412154251 0.394123660025484
-0.668721412154251 0.405634827592095
-0.668721412154251 0.416623334337704
-0.668721412154251 0.426796767639292
-0.668721412154251 0.436073561543426
-0.668721412154251 0.444469108050487
-0.668721412154251 0.452039971681207
-0.668721412154251 0.458857085278939
-0.668721412154251 0.464993258839432
-0.668721412154251 0.470517688607524
-0.668721412154251 0.475493841936847
-0.668721412154251 0.479978930485136
-0.668721412154251 0.484024096354866
-0.668721412154251 0.487674887495357
-0.668721412154251 0.490971821667804
-0.668721412154251 0.493950947707108
-0.668721412154251 0.49664436594098
-0.668721412154251 0.499080694910238
-0.668721412154251 0.501285483125938
-0.668721412154251 0.503281569528013
-0.668721412154251 0.50508939805838
-0.668721412154251 0.506727292044248
-0.668721412154251 0.50821169374058
-0.668721412154251 0.509557373804313
-0.668721412154251 0.510777614851715
-0.668721412154251 0.511884372663979
-0.668721412154251 0.51288841808437
-0.668721412154251 0.513799462199164
-0.668721412154251 0.514626267010512
-0.668721412154251 0.515376743484735
-0.668721412154251 0.516058038585979
-0.668721412154251 0.516676612674788
-0.668721412154251 0.517238308457056
-0.668721412154251 0.517748412504795
-0.668721412154251 0.51821171023152
-0.668721412154251 0.51863253508724
-0.668721412154251 0.519014812637956
-0.668721412154251 0.519362100109024
-0.668721412154251 0.519677621898629
-0.668721412154251 0.519964301504797
-0.668721412154251 0.520224790255325
-0.668721412154251 0.520461493183342
-0.668721412154251 0.520676592350805
-0.668721412154251 0.520872067887164
-0.668721412154251 0.521049716979908
0.79922592351177 0.52121117102704
