0 0
0 0
0 0
0 0
0 0
0 0
0 0
0 0
0 0
0 0
0 0
0 0
0 0
0 0
0 0
0 0
0 0
0 0
0 0
0 0
0 0
0 0
0 0
0 0
0 0
0 0
0 0
0 0
0 0
0 0
0 0
0 0
0 0
0 0
0 0
0 0
0 0
0 0
0 0
0 0
0 0
0 0
0 0
0 0
0 0
0 0
0 0
0 0
0 0
0.542175303000107 0
0.542175303000107 0
0.542175303000107 0
0.542175303000107 -0.0170126429409982
0.542175303000107 -0.0554431547104481
0.542175303000107 -0.103902226866862
0.542175303000107 -0.156500205414627
0.542175303000107 -0.210049239366908
0.542175303000107 -0.262789965024401
0.542175303000107 -0.313751171352686
0.542175303000107 -0.36240839765591
0.542175303000107 -0.408495881381634
0.542175303000107 -0.451900859991797
0.542175303000107 -0.492603126785753
0.542175303000107 -0.530639750968924
0.542175303000107 -0.566083915344584
0.542175303000107 -0.599031765550559
0.542175303000107 -0.629593889930129
0.542175303000107 -0.657889553331223
0.542175303000107 -0.684042635909987
0.542175303000107 -0.708178681928155
0.542175303000107 -0.730422711980072
0.542175303000107 -0.750897588387696
0.542175303000107 -0.769722799008293
0.542175303000107 -0.787013567426437
0.542175303000107 -0.802880222600813
0.542175303000107 -0.817427776627089
0.542175303000107 -0.830755669673669
0.542175303000107 -0.842957648620486
0.542175303000107 -0.854121751673384
0.542175303000107 -0.864330375863265
0.542175303000107 -0.873660408202754
0.542175303000107 -0.882183404547469
0.542175303000107 -0.889965803003535
0.542175303000107 -0.897069161109867
0.542175303000107 -0.903550408057109
0.542175303000107 -0.909462104928922
0.542175303000107 -0.914852707404449
0.542175303000107 -0.919766826577695
0.542175303000107 -0.924245484561879
0.542175303000107 -0.928326362382812
0.542175303000107 -0.932044038350405
0.542175303000107 -0.935430215654399
0.542175303000107 -0.938513938378919
0.542175303000107 -0.941321795488218
0.542175303000107 -0.943878112617804
0.542175303000107 -0.946205131724182
0.542175303000107 -0.948323178813663
0.542175303000107 -0.950250820095528
0.542175303000107 -0.952005006995173
0.340317522799744 -0.953601210525486
0.340317522799744 -0.955053545554937
0.340317522799744 -0.956374885533615
0.340317522799744 -0.949353143025491
0.340317522799744 -0.932471551232112
0.340317522799744 -0.911914012194208
0.340317522799744 -0.89070623793349
0.340317522799744 -0.87025464676126
0.340317522799744 -0.85115455678961
0.340317522799744 -0.83360374458759
0.340317522799744 -0.81761099040053
0.340317522799744 -0.803100080186933
0.340317522799744 -0.789961010642671
0.340317522799744 -0.778074695957406
0.340317522799744 -0.767324455736444
0.340317522799744 -0.757600965418862
0.340317522799744 -0.748804020917335
0.340317522799744 -0.740842792327603
0.340317522799744 -0.733635398129664
0.340317522799744 -0.727108207782392
0.340317522799744 -0.72119506857661
0.340317522799744 -0.715836547039362
0.340317522799744 -0.710979223143202
0.340317522799744 -0.706575050384535
0.340317522799744 -0.702580783004624
0.340317522799744 -0.698957466463656
0.340317522799744 -0.695669985340353
0.340317522799744 -0.692686662416284
0.340317522799744 -0.689978902971848
0.340317522799744 -0.687520878858111
0.340317522799744 -0.685289247519046
0.340317522799744 -0.683262901733721
0.340317522799744 -0.681422746391349
0.340317522799744 -0.679751499092746
0.340317522799744 -0.678233511790152
0.340317522799744 -0.676854611038595
0.340317522799744 -0.675601954742852
0.340317522799744 -0.674463903551278
0.340317522799744 -0.673429905277734
0.340317522799744 -0.672490390930938
0.340317522799744 -0.671636681101659
0.340317522799744 -0.670860901606221
0.340317522799744 -0.670155907413252
0.340317522799744 -0.669515213992355
0.340317522799744 -0.668932935320834
0.340317522799744 -0.668403727869755
0.340317522799744 -0.667922739965322
0.340317522799744 -0.667485565987069
0.340317522799744 -0.667088204922127
0.340317522799744 -0.666727022845718
-0.283394304701776 -0.666398718943086
-0.283394304701776 -0.666100294727924
-0.283394304701776 -0.66582902614778
-0.283394304701776 -0.626646523252873
-0.283394304701776 -0.544000909531991
-0.283394304701776 -0.449631543063506
-0.283394304701776 -0.35788778121613
-0.283394304701776 -0.274255825777395
-0.283394304701776 -0.200153481089204
-0.283394304701776 -0.135293224884936
-0.283394304701776 -0.0787692532323883
-0.283394304701776 -0.0295307376931053
-0.283394304701776 0.0134270115346614
-0.283394304701776 0.0509965972205398
-0.283394304701776 0.0839457862563033
-0.283394304701776 0.112925626091038
-0.283394304701776 0.138485294332432
-0.283394304701776 0.161087784336239
-0.283394304701776 0.181124193183659
-0.283394304701776 0.198925962446064
-0.283394304701776 0.214775069774083
-0.283394304701776 0.228912402923992
-0.283394304701776 0.241544604570338
-0.283394304701776 0.252849662667706
-0.283394304701776 0.262981483980414
-0.283394304701776 0.272073647332577
-0.283394304701776 0.280242495644633
-0.283394304701776 0.287589694147026
-0.283394304701776 0.294204356368333
-0.283394304701776 0.300164818877202
-0.283394304701776 0.305540129422363
-0.283394304701776 0.310391300217648
-0.283394304701776 0.314772367938765
-0.283394304701776 0.31873129395017
-0.283394304701776 0.322310731900023
-0.283394304701776 0.325548684746218
-0.283394304701776 0.328479069224689
-0.283394304701776 0.33113220252381
-0.283394304701776 0.333535223315716
-0.283394304701776 0.335712457184531
-0.283394304701776 0.337685734779712
-0.283394304701776 0.33947466962917
-0.283394304701776 0.341096901408141
-0.283394304701776 0.342568309525873
-0.283394304701776 0.343903201123502
-0.283394304701776 0.345114476941544
-0.283394304701776 0.346213777989099
-0.283394304701776 0.34721161550911
-0.283394304701776 0.348117486368728
-0.283394304701776 0.348939975697897
0.991920877244287 0.349686848342352
0.991920877244287 0.35036513048063
0.991920877244287 0.350981182571586
0.991920877244287 0.330981459959191
0.991920877244287 0.284018042479896
0.991920877244287 0.222564834501292
0.991920877244287 0.153191194479331
0.991920877244287 0.0797621210275665
0.991920877244287 0.00471211296368146
0.991920877244287 -0.0703551323546785
0.991920877244287 -0.144349112260363
0.991920877244287 -0.216511924621753
0.991920877244287 -0.28631118787948
0.991920877244287 -0.353374520040927
0.991920877244287 -0.417448030063353
0.991920877244287 -0.478368804081892
0.991920877244287 -0.536045620705679
0.991920877244287 -0.590444602232949
0.991920877244287 -0.641577946732472
0.991920877244287 -0.689494709472456
0.991920877244287 -0.73427306246059
0.991920877244287 -0.776013710356037
0.991920877244287 -0.814834271383277
0.991920877244287 -0.850864497149375
0.991920877244287 -0.884242236493099
0.991920877244287 -0.915110062982074
0.991920877244287 -0.943612492698795
0.991920877244287 -0.969893723227931
0.991920877244287 -0.994095828471548
0.991920877244287 -1.01635734794304
0.991920877244287 -1.03681221373188
0.991920877244287 -1.05558896330193
0.991920877244287 -1.07281019149336
0.991920877244287 -1.08859220033943
0.991920877244287 -1.10304481041093
0.991920877244287 -1.11627130223283
0.991920877244287 -1.12836846079345
0.991920877244287 -1.13942670023575
0.991920877244287 -1.14953024946311
0.991920877244287 -1.15875738261026
0.991920877244287 -1.16718068113975
0.991920877244287 -1.17486731675307
0.991920877244287 -1.18187934638517
0.991920877244287 -1.18827401231647
0.991920877244287 -1.19410404192329
0.991920877244287 -1.19941794282998
0.991920877244287 -1.20426029025597
0.991920877244287 -1.20867200419831
0.991920877244287 -1.21269061478146
0.991920877244287 -1.21635051466537
-0.785816155274313 -1.21968319785032
-0.785816155274313 -1.22271748457173
-0.785816155274313 -1.22547973225527
-0.785816155274313 -1.14159729176623
-0.785816155274313 -0.965251752259821
-0.785816155274313 -0.770585171406982
-0.785816155274313 -0.588883934269066
-0.785816155274313 -0.43001872046434
-0.785816155274313 -0.294816718997666
-0.785816155274313 -0.180872537925458
-0.785816155274313 -0.0849911736607805
-0.785816155274313 -0.00411155120841533
-0.785816155274313 0.0644067603887437
-0.785816155274313 0.122745408564741
-0.785816155274313 0.172675109120228
-0.785816155274313 0.21562465969452
-0.785816155274313 0.252747261255362
-0.785816155274313 0.284976891931527
-0.785816155274313 0.313073833528717
-0.785816155274313 0.337660606674348
-0.785816155274313 0.359250071722584
-0.785816155274313 0.378267354262107
-0.785816155274313 0.395066980645772
-0.785816155274313 0.409946321147415
-0.785816155274313 0.423156189107487
-0.785816155274313 0.434909244565277
-0.785816155274313 0.445386696243339
-0.785816155274313 0.454743678137279
-0.785816155274313 0.463113588159845
-0.785816155274313 0.470611609358688
-0.785816155274313 0.477337583715516
-0.785816155274313 0.483378370289903
-0.785816155274313 0.488809790389105
-0.785816155274313 0.49369824022143
-0.785816155274313 0.498102034418598
-0.785816155274313 0.502072530627679
-0.785816155274313 0.505655075135927
-0.785816155274313 0.508889801501369
-0.785816155274313 0.511812307893047
-0.785816155274313 0.514454233902007
-0.785816155274313 0.516843753667971
-0.785816155274313 0.519005999049444
-0.785816155274313 0.52096342407259
-0.785816155274313 0.522736119892553
-0.785816155274313 0.52434208788673
-0.785816155274313 0.525797477192362
-0.785816155274313 0.527116791938178
-0.785816155274313 0.528313072552612
-0.785816155274313 0.529398054820745
-0.785816155274313 0.530382309778081
0.787878304621148 0.531275367047362
0.787878304621148 0.532085823825668
0.787878304621148 0.532821441397494
0.787878304621148 0.515092881368524
0.787878304621148 0.472739566017839
0.787878304621148 0.416274069072754
0.787878304621148 0.351233150998687
0.787878304621148 0.28099497219004
0.787878304621148 0.207818370393109
0.787878304621148 0.133304511128217
0.787878304621148 0.0586342044019119
0.787878304621148 -0.0152979425567712
0.787878304621148 -0.0878033371511979
0.787878304621148 -0.158349548032807
0.787878304621148 -0.22652796182969
0.787878304621148 -0.29203156834286
0.787878304621148 -0.354638584047775
0.787878304621148 -0.41419947009679
0.787878304621148 -0.470626005391078
0.787878304621148 -0.523881718530698
0.787878304621148 -0.573973340346469
0.787878304621148 -0.620943124856937
0.787878304621148 -0.664861973483948
0.787878304621148 -0.705823330298529
0.787878304621148 -0.743937821942188
0.787878304621148 -0.779328610106457
0.787878304621148 -0.812127415361649
0.787878304621148 -0.842471162781829
0.787878304621148 -0.870499193893261
0.787878304621148 -0.896350986367327
0.787878304621148 -0.920164322346031
0.787878304621148 -0.942073847831196
0.787878304621148 -0.962209968632301
0.787878304621148 -0.980698032439093
0.787878304621148 -0.997657751232196
0.787878304621148 -1.01320282312963
0.787878304621148 -1.02744071763833
0.787878304621148 -1.04047259296142
0.787878304621148 -1.05239331838996
0.787878304621148 -1.06329157881446
0.787878304621148 -1.07325004199571
0.787878304621148 -1.08234557243003
0.787878304621148 -1.09064947844312
0.787878304621148 -1.09822778157162
0.787878304621148 -1.10514149937274
0.787878304621148 -1.11144693457304
0.787878304621148 -1.11719596496069
0.787878304621148 -1.12243632967647
0.787878304621148 -1.127211908597
0.787878304621148 -1.13156299235963
-0.129334232364471 -1.13552654127837
-0.129334232364471 -1.13913643196689
-0.129334232364471 -1.14242369094003
-0.129334232364471 -1.09288054710289
-0.129334232364471 -0.984365699250683
-0.129334232364471 -0.85981947479156
-0.129334232364471 -0.738669993454195
-0.129334232364471 -0.628327946626664
-0.129334232364471 -0.530694683134448
-0.129334232364471 -0.445371015681113
-0.129334232364471 -0.371129872176523
-0.129334232364471 -0.306554754704429
-0.129334232364471 -0.250295931770232
-0.129334232364471 -0.201157670555347
-0.129334232364471 -0.158114107998245
-0.129334232364471 -0.120297398415222
-0.129334232364471 -0.086977107567598
-0.129334232364471 -0.0575387085626884
-0.129334232364471 -0.0314641147993586
-0.129334232364471 -0.00831507172441737
-0.129334232364471 0.0122806263201729
-0.129334232364471 0.0306404302826409
-0.129334232364471 0.0470362458272421
-0.129334232364471 0.0617019383694137
-0.129334232364471 0.0748394604173543
-0.129334232364471 0.086623870218695
-0.129334232364471 0.0972074586570998
-0.129334232364471 0.106723157654807
-0.129334232364471 0.115287367923739
-0.129334232364471 0.123002315697925
-0.129334232364471 0.129958025792544
-0.129334232364471 0.136233980780141
-0.129334232364471 0.141900522247588
-0.129334232364471 0.147020039186958
-0.129334232364471 0.151647979939857
-0.129334232364471 0.155833717258999
-0.129334232364471 0.159621290586067
-0.129334232364471 0.163050045271754
-0.129334232364471 0.166155184950163
-0.129334232364471 0.168968250445294
-0.129334232364471 0.171517536291872
-0.129334232364471 0.173828454086485
-0.129334232364471 0.175923850362023
-0.129334232364471 0.177824285430836
-0.129334232364471 0.179548278616445
-0.129334232364471 0.181112524447483
-0.129334232364471 0.182532083686969
-0.129334232364471 0.183820552488035
-0.129334232364471 0.184990212482066
-0.129334232364471 0.186052164199422
0.2795566503329 0.187016445882441
0.2795566503329 0.187892139463754
0.2795566503329 0.188687465240826
0.2795566503329 0.176070566498325
0.2795566503329 0.146655747719764
0.2795566503329 0.109430409714482
0.2795566503329 0.0690282265177696
0.2795566503329 0.0279426405883969
0.2795566503329 -0.0124618383935746
0.2795566503329 -0.0514408389217214
0.2795566503329 -0.0885993851169287
0.2795566503329 -0.123743270444684
0.2795566503329 -0.156795882385783
0.2795566503329 -0.18775088727999
0.2795566503329 -0.216644789143052
0.2795566503329 -0.243540598027352
0.2795566503329 -0.268517777794789
0.2795566503329 -0.291665806322257
0.2795566503329 -0.313079871511318
0.2795566503329 -0.332857879832206
0.2795566503329 -0.351098311673454
0.2795566503329 -0.367898653189887
0.2795566503329 -0.383354241462307
0.2795566503329 -0.39755741909249
0.2795566503329 -0.410596927896679
0.2795566503329 -0.422557491030112
0.2795566503329 -0.433519545048568
0.2795566503329 -0.44355909147906
0.2795566503329 -0.452747643220599
0.2795566503329 -0.461152245470251
0.2795566503329 -0.468835554367569
0.2795566503329 -0.475855959439632
0.2795566503329 -0.482267738358973
0.2795566503329 -0.488121234587068
0.2795566503329 -0.493463050226211
0.2795566503329 -0.498336247886069
0.2795566503329 -0.50278055662341
0.2795566503329 -0.506832578064681
0.2795566503329 -0.510525989698064
0.2795566503329 -0.513891743048324
0.2795566503329 -0.516958255045547
0.2795566503329 -0.519751591386837
0.2795566503329 -0.522295641084944
0.2795566503329 -0.524612281714397
0.2795566503329 -0.526721535116765
0.2795566503329 -0.528641713523276
0.2795566503329 -0.530389556204483
0.2795566503329 -0.53198035687128
0.2795566503329 -0.533428082135847
0.2795566503329 -0.534745481401052
0.508622145051426 -0.535944188587069
0.508622145051426 -0.537034816128558
0.508622145051426 -0.538027041688012
0.508622145051426 -0.547357548001199
0.508622145051426 -0.566886174070708
0.508622145051426 -0.59059568253582
0.508622145051426 -0.615458866049939
0.508622145051426 -0.639962944134983
0.508622145051426 -0.663377252105813
0.508622145051426 -0.685377955807461
0.508622145051426 -0.705852554708024
0.508622145051426 -0.724797224430452
0.508622145051426 -0.742262705759246
0.508622145051426 -0.758325735441204
0.508622145051426 -0.773073960305272
0.508622145051426 -0.786597988071345
0.508622145051426 -0.798987228105854
0.508622145051426 -0.810327754695033
0.508622145051426 -0.820701257354326
0.508622145051426 -0.830184581026464
0.508622145051426 -0.838849590124993
0.508622145051426 -0.846763212465229
0.508622145051426 -0.853987583887442
0.508622145051426 -0.860580248992159
0.508622145051426 -0.866594392140462
0.508622145051426 -0.872079083206132
0.508622145051426 -0.877079528425944
0.508622145051426 -0.881637320140613
0.508622145051426 -0.885790681337832
0.508622145051426 -0.889574702276486
0.508622145051426 -0.893021567396618
0.508622145051426 -0.896160771371865
0.508622145051426 -0.899019323634907
0.508622145051426 -0.90162194105745
0.508622145051426 -0.903991228728573
0.508622145051426 -0.906147848971164
0.508622145051426 -0.908110678880999
0.508622145051426 -0.909896956777982
0.508622145051426 -0.911522418032693
0.508622145051426 -0.913001420780207
0.508622145051426 -0.914347062062552
0.508622145051426 -0.915571284955315
0.508622145051426 -0.916684977236306
0.508622145051426 -0.917698062147524
0.508622145051426 -0.918619581788363
0.508622145051426 -0.919457773659633
0.508622145051426 -0.920220140856271
0.508622145051426 -0.920913516382521
0.508622145051426 -0.9215441220379
0.508622145051426 -0.922117622296195
0.41239187932219 -0.922639173573479
0.41239187932219 -0.923113469255254
0.41239187932219 -0.923544780827556
0.41239187932219 -0.92031779503333
0.41239187932219 -0.912738672767664
0.41239187932219 -0.903499576727617
0.41239187932219 -0.89392593661309
0.41239187932219 -0.884644367496604
0.41239187932219 -0.875928913742555
0.41239187932219 -0.86787836654364
0.41239187932219 -0.86050638825555
0.41239187932219 -0.853787017179868
0.41239187932219 -0.847677446535056
0.41239187932219 -0.842129267154357
0.41239187932219 -0.837093875112675
0.41239187932219 -0.832524943916383
0.41239187932219 -0.828379433690898
0.41239187932219 -0.824617883434109
0.41239187932219 -0.821204362955767
0.41239187932219 -0.818106273367211
0.41239187932219 -0.815294089709709
0.41239187932219 -0.812741091096309
0.41239187932219 -0.810423099467134
0.41239187932219 -0.808318235945259
0.41239187932219 -0.806406697833051
0.41239187932219 -0.80467055645427
0.41239187932219 -0.803093574772829
0.41239187932219 -0.801661043216852
0.41239187932219 -0.800359632007867
0.41239187932219 -0.799177258339214
0.41239187932219 -0.798102966865387
0.41239187932219 -0.797126822106338
0.41239187932219 -0.796239811514762
0.41239187932219 -0.795433758090039
0.41239187932219 -0.794701241545799
0.41239187932219 -0.794035527148389
0.41239187932219 -0.79343050144122
0.41239187932219 -0.792880614156256
0.41239187932219 -0.792380825689962
0.41239187932219 -0.791926559588103
0.41239187932219 -0.791513659542963
0.41239187932219 -0.791138350458879
0.41239187932219 -0.79079720318829
0.41239187932219 -0.790487102581571
0.41239187932219 -0.790205218530386
0.41239187932219 -0.789948979716762
0.41239187932219 -0.789716049808973
0.41239187932219 -0.78950430587115
0.41239187932219 -0.789311818776598
0.41239187932219 -0.7891368354354
-0.929684231956342 -0.788977762665432
-0.929684231956342 -0.788833152552447
-0.929684231956342 -0.788701689159814
-0.929684231956342 -0.727973085826051
-0.929684231956342 -0.601738913466981
-0.929684231956342 -0.461257505987057
-0.929684231956342 -0.328599037412692
-0.929684231956342 -0.21116398490662
-0.929684231956342 -0.109996135165343
-0.929684231956342 -0.0237465312138285
-0.929684231956342 0.0496119338064861
-0.929684231956342 0.112105521496364
-0.929684231956342 0.165527663659838
-0.929684231956342 0.211389060516326
-0.929684231956342 0.250935598992994
-0.929684231956342 0.285186691013411
-0.929684231956342 0.314975484132225
-0.929684231956342 0.340984523975851
-0.929684231956342 0.363775346756804
-0.929684231956342 0.383812309717604
-0.929684231956342 0.401481529187325
-0.929684231956342 0.417105861294902
-0.929684231956342 0.430956753180156
-0.929684231956342 0.443263643776166
-0.929684231956342 0.454221451850389
-0.929684231956342 0.463996569963126
-0.929684231956342 0.472731688004686
-0.929684231956342 0.480549696085856
-0.929684231956342 0.487556859788025
-0.929684231956342 0.493845417375168
-0.929684231956342 0.499495715404917
-0.929684231956342 0.504577973787768
-0.929684231956342 0.509153751843767
-0.929684231956342 0.513277171866617
-0.929684231956342 0.516995945051915
-0.929684231956342 0.520352235572938
-0.929684231956342 0.523383391488105
-0.929684231956342 0.526122565582222
-0.929684231956342 0.528599244833548
-0.929684231956342 0.530839703698105
-0.929684231956342 0.53286739361134
-0.929684231956342 0.534703278871592
-0.929684231956342 0.536366127271594
-0.929684231956342 0.537872762391781
-0.929684231956342 0.53923828329134
-0.929684231956342 0.540476256374012
-0.929684231956342 0.541598883421991
-0.929684231956342 0.542617149148462
-0.929684231956342 0.543540951090133
-0.929684231956342 0.544379214223942
0.797113509754237 0.545139992329636
0.797113509754237 0.545830557818447
0.797113509754237 0.546457481496363
0.797113509754237 0.528812997720876
0.797113509754237 0.486735964860254
0.797113509754237 0.430558653665205
0.797113509754237 0.365722768822859
0.797113509754237 0.295561585895047
0.797113509754237 0.222318290314653
0.797113509754237 0.14759518398513
0.797113509754237 0.0725835708083844
0.797113509754237 -0.00180654503561506
0.797113509754237 -0.0748689638799049
0.797113509754237 -0.146053087134265
0.797113509754237 -0.214932596287083
0.797113509754237 -0.28118386918589
0.797113509754237 -0.344569979055968
0.797113509754237 -0.40492791324731
0.797113509754237 -0.462157723773502
0.797113509754237 -0.516212949009485
0.797113509754237 -0.567091994539734
0.797113509754237 -0.614830341251113
0.797113509754237 -0.659493531315311
0.797113509754237 -0.701170912083126
0.797113509754237 -0.7399701208147
0.797113509754237 -0.776012284915533
0.797113509754237 -0.809427901195903
0.797113509754237 -0.840353347663568
0.797113509754237 -0.868927974133749
0.797113509754237 -0.89529171384137
0.797113509754237 -0.919583156980281
0.797113509754237 -0.941938028128103
0.797113509754237 -0.962488012244191
0.797113509754237 -0.981359877799094
0.797113509754237 -0.998674850142138
0.797113509754237 -1.01454819307307
0.797113509754237 -1.02908896148085
0.797113509754237 -1.04239989265422
0.797113509754237 -1.05457740832728
0.797113509754237 -1.06571170362089
0.797113509754237 -1.07588690274044
0.797113509754237 -1.08518126457959
0.797113509754237 -1.09366742426814
0.797113509754237 -1.10141265921019
0.797113509754237 -1.10847917031543
0.797113509754237 -1.11492437096449
0.797113509754237 -1.12080117780249
0.797113509754237 -1.12615829875783
0.797113509754237 -1.13104051476634
0.797113509754237 -1.13548895257614
-0.913241560530496 -1.13954134674054
-0.913241560530496 -1.14323228950155
-0.913241560530496 -1.14659346774484
-0.913241560530496 -1.06668447049512
-0.913241560530496 -0.897803401320446
-0.913241560530496 -0.711093550200883
-0.913241560530496 -0.536637427691705
-0.913241560530496 -0.383975060076859
-0.913241560530496 -0.253953884184398
-0.913241560530496 -0.144302201989111
-0.913241560530496 -0.0519770636334416
-0.913241560530496 0.0259452679956295
-0.913241560530496 0.09199088647345
-0.913241560530496 0.148249390057345
-0.913241560530496 0.196418343854311
-0.913241560530496 0.237868586066058
-0.913241560530496 0.273707296009619
-0.913241560530496 0.304831733505611
-0.913241560530496 0.331972705083416
-0.913241560530496 0.355728911456007
-0.913241560530496 0.376593830798105
-0.913241560530496 0.394976709890828
-0.913241560530496 0.41121898014046
-0.913241560530496 0.425607143841407
-0.913241560530496 0.438382939730002
-0.913241560530496 0.449751406890562
-0.913241560530496 0.459887318843137
-0.913241560530496 0.468940347524718
-0.913241560530496 0.477039232141663
-0.913241560530496 0.484295163960253
-0.913241560530496 0.49080454983726
-0.913241560530496 0.496651280727727
-0.913241560530496 0.501908603587974
-0.913241560530496 0.506640673822662
-0.913241560530496 0.510903849078653
-0.913241560530496 0.51474777255884
-0.913241560530496 0.518216284219095
-0.913241560530496 0.521348190551564
-0.913241560530496 0.524177917645706
-0.913241560530496 0.526736067476784
-0.913241560530496 0.529049893613398
-0.913241560530496 0.531143709543367
-0.913241560530496 0.533039240423906
-0.913241560530496 0.534755927139443
-0.913241560530496 0.53631118999949
-0.913241560530496 0.537720658152755
-0.913241560530496 0.538998369772136
-0.913241560530496 0.540156947231347
-0.913241560530496 0.541207750810668
-0.913241560530496 0.542161013907425
-0.850907836039973 0.543025962263098
-0.850907836039973 0.54381091933488
-0.850907836039973 0.544523399620376
-0.850907836039973 0.545047840087184
-0.850907836039973 0.545366454301894
-0.850907836039973 0.545575016096973
-0.850907836039973 0.545723017335098
-0.850907836039973 0.545836214045389
-0.850907836039973 0.545928160405792
-0.850907836039973 0.546006120744509
-0.850907836039973 0.546074103842022
-0.850907836039973 0.54613442213749
-0.850907836039973 0.546188494167866
-0.850907836039973 0.546237258522092
-0.850907836039973 0.546281388240711
-0.850907836039973 0.546321402620043
-0.850907836039973 0.546357726196033
-0.850907836039973 0.546390720469325
-0.850907836039973 0.546420701505261
-0.850907836039973 0.546447950162514
-0.850907836039973 0.546472718428314
-0.850907836039973 0.546495233655647
-0.850907836039973 0.546515701633274
-0.850907836039973 0.546534308974677
-0.850907836039973 0.546551225083053
-0.850907836039973 0.54656660383116
-0.850907836039973 0.546580585033492
-0.850907836039973 0.546593295756156
-0.850907836039973 0.54660485149289
-0.850907836039973 0.546615357226403
-0.850907836039973 0.546624908389145
-0.850907836039973 0.54663359173451
-0.850907836039973 0.546641486127638
-0.850907836039973 0.546648663263635
-0.850907836039973 0.546655188320096
-0.850907836039973 0.546661120550054
-0.850907836039973 0.546666513820877
-0.850907836039973 0.546671417104058
-0.850907836039973 0.546675874920406
-0.850907836039973 0.546679927744718
-0.850907836039973 0.546683612373613
-0.850907836039973 0.54668696225991
-0.850907836039973 0.546690007816584
-0.850907836039973 0.546692776693069
-0.850907836039973 0.546695294026444
-0.850907836039973 0.546697582669765
-0.850907836039973 0.546699663399647
-0.850907836039973 0.546701555104962
-0.850907836039973 0.546703274958392
-0.850907836039973 0.546704838572381
0.791999676167965 0.546706260140908
0.791999676167965 0.546707552568386
0.791999676167965 0.54670872758683
0.791999676167965 0.528653301874676
0.791999676167965 0.486383828871115
0.791999676167965 0.430124228286679
0.791999676167965 0.365272361110396
0.791999676167965 0.295139508678545
0.791999676167965 0.221955893313196
0.791999676167965 0.147315298717313
0.791999676167965 0.072402999648064
0.791999676167965 -0.0018755125350236
0.791999676167965 -0.0748175696559703
0.791999676167965 -0.14587543177509
0.791999676167965 -0.21462514697712
0.791999676167965 -0.280745074732614
0.791999676167965 -0.343999950211159
0.791999676167965 -0.404228145640634
0.791999676167965 -0.461330851889327
0.791999676167965 -0.515262525745088
0.791999676167965 -0.566022293947877
0.791999676167965 -0.613646183377993
0.791999676167965 -0.658200128411405
0.791999676167965 -0.69977373538319
0.791999676167965 -0.738474786836985
0.791999676167965 -0.774424459968812
0.791999676167965 -0.807753222575816
0.791999676167965 -0.838597359891119
0.791999676167965 -0.867096078538522
0.791999676167965 -0.893389129808724
0.791999676167965 -0.917614893250189
0.791999676167965 -0.939908862638031
0.791999676167965 -0.960402479135825
0.791999676167965 -0.979222260347845
0.791999676167965 -0.996489178510599
0.791999676167965 -1.01231824592878
0.791999676167965 -1.02681827065064
0.791999676167965 -1.04009175010953
0.791999676167965 -1.05223487490532
0.791999676167965 -1.06333761898551
0.791999676167965 -1.07348389617324
0.791999676167965 -1.08275176626768
0.791999676167965 -1.09121367681979
0.791999676167965 -1.09893672918528
0.791999676167965 -1.10598295960424
0.791999676167965 -1.11240962788771
0.791999676167965 -1.11826950783786
0.791999676167965 -1.1236111748255
0.791999676167965 -1.12847928702689
0.791999676167965 -1.13291485771281
-0.861442645015867 -1.13695551671126
-0.861442645015867 -1.14063575975737
-0.861442645015867 -1.14398718491997
-0.861442645015867 -1.06468569389667
-0.861442645015867 -0.897004945248602
-0.861442645015867 -0.711507031501781
-0.861442645015867 -0.538065239255927
-0.861442645015867 -0.386187079210084
-0.861442645015867 -0.256749528113392
-0.861442645015867 -0.147523580170358
-0.861442645015867 -0.0555052256789057
-0.861442645015867 0.0221981893391721
-0.861442645015867 0.088089246395094
-0.861442645015867 0.144240163275358
-0.861442645015867 0.192335771689402
-0.861442645015867 0.233737600946733
-0.861442645015867 0.269546017450568
-0.861442645015867 0.300653282539027
-0.861442645015867 0.327786525317934
-0.861442645015867 0.351541734393321
-0.861442645015867 0.372410384352
-0.861442645015867 0.390800240835848
-0.861442645015867 0.407051641059322
-0.861442645015867 0.421450280850714
-0.861442645015867 0.434237307143372
-0.861442645015867 0.445617327790809
-0.861442645015867 0.455764805406233
-0.861442645015867 0.464829191257261
-0.861442645015867 0.472939071535269
-0.861442645015867 0.480205535134427
-0.861442645015867 0.486724924329493
-0.861442645015867 0.492581093550182
-0.861442645015867 0.497847273900912
-0.861442645015867 0.502587620002432
-0.861442645015867 0.506858499529923
-0.861442645015867 0.510709573298943
-0.861442645015867 0.514184704019386
-0.861442645015867 0.517322724236357
-0.861442645015867 0.520158088009128
-0.861442645015867 0.522721426170663
-0.861442645015867 0.525040021277167
-0.861442645015867 0.527138215383833
-0.861442645015867 0.529037761404069
-0.861442645015867 0.530758126898014
-0.861442645015867 0.5323167575937
-0.861442645015867 0.53372930669459
-0.861442645015867 0.535009835010711
-0.861442645015867 0.536170986120662
-0.861442645015867 0.537224140091566
-0.861442645015867 0.53817954872451
-0.266534781673241 0.539046454831154
-0.266534781673241 0.539833197664595
-0.266534781673241 0.540547306309508
-0.266534781673241 0.536916929125601
-0.266534781673241 0.527974921371675
-0.266534781673241 0.516734575283011
-0.266534781673241 0.504722912316225
-0.266534781673241 0.492722387880422
-0.266534781673241 0.481128466363113
-0.266534781673241 0.470131728894096
-0.266534781673241 0.459813398729333
-0.266534781673241 0.450196237263929
-0.266534781673241 0.441271909349881
-0.266534781673241 0.433015801269727
-0.266534781673241 0.425395106223084
-0.266534781673241 0.418373279013813
-0.266534781673241 0.41191251980779
-0.266534781673241 0.405975177148533
-0.266534781673241 0.400524549136862
-0.266534781673241 0.395525341947184
-0.266534781673241 0.390943927428012
-0.266534781673241 0.38674847866151
-0.266534781673241 0.382909028524047
-0.266534781673241 0.37939747790355
-0.266534781673241 0.376187570067038
-0.266534781673241 0.373254841904417
-0.266534781673241 0.370576559376029
-0.266534781673241 0.36813164238896
-0.266534781673241 0.365900582951867
-0.266534781673241 0.363865359506145
-0.266534781673241 0.362009349638495
-0.266534781673241 0.360317242855406
-0.266534781673241 0.358774954691965
-0.266534781673241 0.357369543104327
-0.266534781673241 0.356089127837315
-0.266534781673241 0.354922813252238
-0.266534781673241 0.35386061493517
-0.266534781673241 0.352893390274994
-0.266534781673241 0.352012773097367
-0.266534781673241 0.351211112360476
-0.266534781673241 0.350481414856835
-0.266534781673241 0.349817291819063
-0.266534781673241 0.349212909293677
-0.266534781673241 0.348662942123074
-0.266534781673241 0.348162531360028
-0.266534781673241 0.347707244929583
-0.266534781673241 0.34729304134881
-0.266534781673241 0.346916236314376
-0.266534781673241 0.346573471970341
-0.266534781673241 0.346261688673312
0.349924417841213 0.345978099078415
0.349924417841213 0.345720164377046
0.349924417841213 0.345485572525599
0.349924417841213 0.329785633497984
0.349924417841213 0.294225757548727
0.349924417841213 0.248722628444926
0.349924417841213 0.198467642660201
0.349924417841213 0.146390630100517
0.349924417841213 0.0942182364883022
0.349924417841213 0.0429942193889742
0.349924417841213 -0.00664202436847772
0.349924417841213 -0.0542988855536282
0.349924417841213 -0.0997418793768796
0.349924417841213 -0.142839867403858
0.349924417841213 -0.183532261590508
0.349924417841213 -0.221808283568817
0.349924417841213 -0.257693235598424
0.349924417841213 -0.291238936729562
0.349924417841213 -0.322516720982881
0.349924417841213 -0.351612092536275
0.349924417841213 -0.378620520852154
0.349924417841213 -0.403644071942318
0.349924417841213 -0.426788688275669
0.349924417841213 -0.448161993202557
0.349924417841213 -0.467871530748249
0.349924417841213 -0.486023371669798
0.349924417841213 -0.502721028998807
0.349924417841213 -0.518064634691016
0.349924417841213 -0.532150335393975
0.349924417841213 -0.545069870662815
0.349924417841213 -0.556910301632881
0.349924417841213 -0.567753862379958
0.349924417841213 -0.577677910033565
0.349924417841213 -0.586754953179472
0.349924417841213 -0.595052741203367
0.349924417841213 -0.602634399997457
0.349924417841213 -0.609558601889394
0.349924417841213 -0.615879759777227
0.349924417841213 -0.621648237288385
0.349924417841213 -0.626910568350821
0.349924417841213 -0.631709680897393
0.349924417841213 -0.636085120547342
0.349924417841213 -0.640073271047133
0.349924417841213 -0.643707569031286
0.349924417841213 -0.647018711304463
0.349924417841213 -0.650034853368954
0.349924417841213 -0.652781798344887
0.349924417841213 -0.655283175769551
0.349924417841213 -0.657560610030986
0.349924417841213 -0.659633878401287
-0.820309342732797 -0.661521058796943
-0.820309342732797 -0.663238667515854
-0.820309342732797 -0.664801787290463
-0.820309342732797 -0.613019192584304
-0.820309342732797 -0.503101810802673
-0.820309342732797 -0.379718393183718
-0.820309342732797 -0.262353071225468
-0.820309342732797 -0.157761002668207
-0.820309342732797 -0.0671030006976603
-0.820309342732797 0.0106218016002195
-0.820309342732797 0.0770693920257698
-0.820309342732797 0.133940644914458
-0.820309342732797 0.182763631816437
-0.820309342732797 0.22483909204878
-0.820309342732797 0.261248715726729
-0.820309342732797 0.292883837506543
-0.820309342732797 0.320477490249627
-0.820309342732797 0.34463360604636
-0.820309342732797 0.365851634425123
-0.820309342732797 0.384546588110371
-0.820309342732797 0.401065110847468
-0.820309342732797 0.415698278547501
-0.820309342732797 0.42869178913985
-0.820309342732797 0.440254090535005
-0.820309342732797 0.450562887898811
-0.820309342732797 0.459770377321365
-0.820309342732797 0.468007476388595
-0.820309342732797 0.475387261823627
-0.820309342732797 0.48200777755106
-0.820309342732797 0.487954340465371
-0.820309342732797 0.493301443442275
-0.820309342732797 0.498114333774022
-0.820309342732797 0.502450328721962
-0.820309342732797 0.506359917104088
-0.820309342732797 0.509887685893433
-0.820309342732797 0.513073103030988
-0.820309342732797 0.51595118155223
-0.820309342732797 0.518553045309031
-0.820309342732797 0.520906412749514
-0.820309342732797 0.523036012176791
-0.820309342732797 0.524963939474441
-0.820309342732797 0.526709967331824
-0.820309342732797 0.528291813425436
-0.820309342732797 0.529725373735143
-0.820309342732797 0.531024926135391
-0.820309342732797 0.532203308553572
-0.820309342732797 0.533272075292914
-0.820309342732797 0.534241634545889
-0.820309342732797 0.535121369652609
-0.820309342732797 0.535919746268118
-0.939123310120368 0.536644407277917
-0.939123310120368 0.537302257030469
-0.939123310120368 0.537899536228954
-0.939123310120368 0.538682119421465
-0.939123310120368 0.539701589173776
-0.939123310120368 0.540784805123354
-0.939123310120368 0.54184849235548
-0.939123310120368 0.542854951188682
-0.939123310120368 0.543789344576187
-0.939123310120368 0.544648104396982
-0.939123310120368 0.545433039754241
-0.939123310120368 0.546148361359899
-0.939123310120368 0.546799194144473
-0.939123310120368 0.547390847566397
-0.939123310120368 0.54792847026704
-0.939123310120368 0.548416898446094
-0.939123310120368 0.548860600762599
-0.939123310120368 0.549263670320377
-0.939123310120368 0.54962983869225
-0.939123310120368 0.549962499389655
-0.939123310120368 0.550264734530226
-0.939123310120368 0.550539341680712
-0.939123310120368 0.550788859483023
-0.939123310120368 0.551015591487973
-0.939123310120368 0.551221628023899
-0.939123310120368 0.551408866119668
-0.939123310120368 0.55157902758813
-0.939123310120368 0.551733675409718
-0.939123310120368 0.551874228563927
-0.939123310120368 0.552001975452232
-0.939123310120368 0.552118086046731
-0.939123310120368 0.552223622887595
-0.939123310120368 0.552319551041055
-0.939123310120368 0.552406747118824
-0.939123310120368 0.552486007449815
-0.939123310120368 0.552558055485975
-0.939123310120368 0.55262354851581
-0.939123310120368 0.552683083751869
-0.939123310120368 0.552737203851848
-0.939123310120368 0.552786401927087
-0.939123310120368 0.552831126086941
-0.939123310120368 0.552871783562771
-0.939123310120368 0.552908744451075
-0.939123310120368 0.552942345111411
-0.939123310120368 0.5529728912514
-0.939123310120368 0.553000660727949
-0.939123310120368 0.553025906091105
-0.939123310120368 0.553048856894408
-0.939123310120368 0.553069721793391
-0.939123310120368 0.553088690451799
0.154526806974097 0.553105935273288
0.154526806974097 0.5531216129747
0.154526806974097 0.553135866015486
0.154526806974097 0.541148923700219
0.154526806974097 0.513632122018421
0.154526806974097 0.47810870064142
0.154526806974097 0.438530488070879
0.154526806974097 0.397167081911657
0.154526806974097 0.355393618213953
0.154526806974097 0.31407219193445
0.154526806974097 0.273755603950821
0.154526806974097 0.234802623948669
0.154526806974097 0.197445472381298
0.154526806974097 0.161830411270773
0.154526806974097 0.128042917973418
0.154526806974097 0.0961239328374011
0.154526806974097 0.0660808788566094
0.154526806974097 0.0378955534546286
0.154526806974097 0.0115300782462948
0.154526806974097 -0.0130684250694499
0.154526806974097 -0.0359640532155192
0.154526806974097 -0.0572290130106548
0.154526806974097 -0.0769410502941272
0.154526806974097 -0.0951813256354523
0.154526806974097 -0.112032670599956
0.154526806974097 -0.127578171644393
0.154526806974097 -0.141900036604035
0.154526806974097 -0.155078704062206
0.154526806974097 -0.167192160076121
0.154526806974097 -0.178315430415336
0.154526806974097 -0.188520219910379
0.154526806974097 -0.197874673784318
0.154526806974097 -0.206443238946895
0.154526806974097 -0.214286606141663
0.154526806974097 -0.22146171652329
0.154526806974097 -0.228021818685113
0.154526806974097 -0.234016564347716
0.154526806974097 -0.239492132859206
0.154526806974097 -0.244491376356381
0.154526806974097 -0.249053978908041
0.154526806974097 -0.253216624225642
0.154526806974097 -0.257013167602392
0.154526806974097 -0.260474808650353
0.154526806974097 -0.263630262166147
0.154526806974097 -0.266505925088518
0.154526806974097 -0.26912603803289
0.154526806974097 -0.271512840315026
0.154526806974097 -0.273686717722352
0.154526806974097 -0.275666342569841
0.154526806974097 -0.277468805798763
-0.8679551863428 -0.279109741050446
-0.8679551863428 -0.280603440781723
-0.8679551863428 -0.281962964590923
-0.8679551863428 -0.249994991686902
-0.8679551863428 -0.181012103720477
-0.8679551863428 -0.102304410693694
-0.8679551863428 -0.0261227729142668
-0.8679551863428 0.0429483692294185
-0.8679551863428 0.103809333522804
-0.8679551863428 0.156793731256159
-0.8679551863428 0.202735229081655
-0.8679551863428 0.242568197445896
-0.8679551863428 0.277170860778288
-0.8679551863428 0.30731438528544
-0.8679551863428 0.333655960025255
-0.8679551863428 0.356748469964232
-0.8679551863428 0.377055017482784
-0.8679551863428 0.394963534090396
-0.8679551863428 0.410799778214125
-0.8679551863428 0.424838304177115
-0.8679551863428 0.437311494478494
-0.8679551863428 0.448416915536574
-0.8679551863428 0.458323284627657
-0.8679551863428 0.467175310381559
-0.8679551863428 0.47509762838219
-0.8679551863428 0.482198012310836
-0.8679551863428 0.488570005010923
-0.8679551863428 0.494295084069683
-0.8679551863428 0.499444452624343
-0.8679551863428 0.50408052721804
-0.8679551863428 0.508258179702701
-0.8679551863428 0.512025778565428
-0.8679551863428 0.515426065941631
-0.8679551863428 0.518496899415177
-0.8679551863428 0.521271882057604
-0.8679551863428 0.5237808996882
-0.8679551863428 0.52605058078452
-0.8679551863428 0.528104691638622
-0.8679551863428 0.529964477083404
-0.8679551863428 0.531648955286497
-0.8679551863428 0.533175173633453
-0.8679551863428 0.534558431525209
-0.8679551863428 0.53581247494055
-0.8679551863428 0.536949666818143
-0.8679551863428 0.537981136659691
-0.8679551863428 0.538916912218262
-0.8679551863428 0.539766035691763
-0.8679551863428 0.540536666473465
-0.8679551863428 0.541236172205248
-0.8679551863428 0.541871209623763
0.277183136566162 0.542447796475626
0.277183136566162 0.542971375598069
0.277183136566162 0.543446872109865
0.277183136566162 0.529719200260963
0.277183136566162 0.497454188257862
0.277183136566162 0.455288589136028
0.277183136566162 0.407768156434599
0.277183136566162 0.35755746950907
0.277183136566162 0.306325264975704
0.277183136566162 0.255162962037279
0.277183136566162 0.20480663976639
0.277183136566162 0.15576318675114
0.277183136566162 0.10838497475368
0.277183136566162 0.0629154444055227
0.277183136566162 0.0195178986197934
0.277183136566162 -0.021705485140139
0.277183136566162 -0.0607003936899004
0.277183136566162 -0.0974505674715327
0.277183136566162 -0.131970143281421
0.277183136566162 -0.164297426973574
0.277183136566162 -0.1944896933888
0.277183136566162 -0.2226187849767
0.277183136566162 -0.248767372162379
0.277183136566162 -0.273025784929292
0.277183136566162 -0.295489347812701
0.277183136566162 -0.316256161469793
0.277183136566162 -0.335425279616623
0.277183136566162 -0.353095233661345
0.277183136566162 -0.369362860353832
0.277183136566162 -0.384322390837803
0.277183136566162 -0.398064762802643
0.277183136566162 -0.410677120952551
0.277183136566162 -0.422242474629892
0.277183136566162 -0.432839485026073
0.277183136566162 -0.442542357882342
0.277183136566162 -0.451420820846724
0.277183136566162 -0.459540167660712
0.277183136566162 -0.466961354072502
0.277183136566162 -0.473741132803063
0.277183136566162 -0.479932217031295
0.277183136566162 -0.485583463728509
0.277183136566162 -0.490740069779811
0.277183136566162 -0.495443775203605
0.277183136566162 -0.499733068944388
0.277183136566162 -0.503643393692425
0.277183136566162 -0.507207347000045
0.277183136566162 -0.510454876639739
0.277183136566162 -0.513413468703883
0.277183136566162 -0.516108327397548
0.277183136566162 -0.518562545840334
0.616976267479815 -0.520797267484324
0.616976267479815 -0.522831837985238
0.616976267479815 -0.524683947543
0.616976267479815 -0.537189299418627
0.616976267479815 -0.562818088796433
0.616976267479815 -0.593925956110746
0.616976267479815 -0.626645869245398
0.616976267479815 -0.659019836848292
0.616976267479815 -0.690081047139652
0.616976267479815 -0.719383631292629
0.616976267479815 -0.746756396014756
0.616976267479815 -0.772172378330095
0.616976267479815 -0.795679307556498
0.616976267479815 -0.817362364344498
0.616976267479815 -0.837324146856507
0.616976267479815 -0.855673841752169
0.616976267479815 -0.872521345661987
0.616976267479815 -0.887974071076746
0.616976267479815 -0.9021352260307
0.616976267479815 -0.915102917265885
0.616976267479815 -0.926969724203491
0.616976267479815 -0.937822549512118
0.616976267479815 -0.947742636859954
0.616976267479815 -0.956805692246292
0.616976267479815 -0.965082070447992
0.616976267479815 -0.972637002252787
0.616976267479815 -0.97953084637863
0.616976267479815 -0.985819354984774
0.616976267479815 -0.991553944889213
0.616976267479815 -0.996781968777443
0.616976267479815 -1.00154698222911
0.616976267479815 -1.00588900352854
0.616976267479815 -1.00984476409143
0.616976267479815 -1.01344794801055
0.616976267479815 -1.01672941974668
0.616976267479815 -1.01971743940085
0.616976267479815 -1.02243786532301
0.616976267479815 -1.02491434405897
0.616976267479815 -1.0271684878257
0.616976267479815 -1.02922003984581
0.616976267479815 -1.03108702797441
0.616976267479815 -1.03278590712341
0.616976267479815 -1.03433169103543
0.616976267479815 -1.03573807398702
0.616976267479815 -1.0370175430135
0.616976267479815 -1.03818148124792
0.616976267479815 -1.0392402629583
0.616976267479815 -1.04020334085191
0.616976267479815 -1.04107932619514
0.616976267479815 -1.04187606227372
-0.479872466754109 -1.04260069169235
-0.479872466754109 -1.04325971798531
-0.479872466754109 -1.04385906198201
-0.479872466754109 -0.976668540804336
-0.479872466754109 -0.835970474794407
-0.479872466754109 -0.678891370618688
-0.479872466754109 -0.530150205182343
-0.479872466754109 -0.398143254265396
-0.479872466754109 -0.284155267823929
-0.479872466754109 -0.186766830967092
-0.479872466754109 -0.103771474446716
-0.479872466754109 -0.0329415441450098
-0.479872466754109 0.0277056441715862
-0.479872466754109 0.0798468033782548
-0.479872466754109 0.124869085086397
-0.479872466754109 0.163910528990899
-0.479872466754109 0.197903441932575
-0.479872466754109 0.227613247615815
-0.479872466754109 0.253670913239981
-0.479872466754109 0.276599170369777
-0.479872466754109 0.296833419928046
-0.479872466754109 0.314738313279236
-0.479872466754109 0.330620900206391
-0.479872466754109 0.344741080281236
-0.479872466754109 0.357319943821526
-0.479872466754109 0.368546460608979
-0.479872466754109 0.378582871650734
-0.479872466754109 0.387569058856671
-0.479872466754109 0.395626105500977
-0.479872466754109 0.402859212791669
-0.479872466754109 0.409360101454275
-0.479872466754109 0.415208999298254
-0.479872466754109 0.420476294235777
-0.479872466754109 0.425223915611931
-0.479872466754109 0.429506493813796
-0.479872466754109 0.433372338072894
-0.479872466754109 0.436864264498367
-0.479872466754109 0.440020300175976
-0.479872466754109 0.442874284261582
-0.479872466754109 0.445456383098164
-0.479872466754109 0.447793533272258
-0.479872466754109 0.449909824029358
-0.479872466754109 0.451826828457621
-0.479872466754109 0.45356389122386
-0.479872466754109 0.455138379326312
-0.479872466754109 0.456565901253329
-0.479872466754109 0.457860499057496
-0.479872466754109 0.459034817132434
-0.479872466754109 0.460100250884377
-0.479872466754109 0.461067077998479
0.783451263691974 0.461944574591433
0.783451263691974 0.462741118201938
0.783451263691974 0.463464279286481
0.783451263691974 0.44495126960643
0.783451263691974 0.401024159960119
0.783451263691974 0.34296468035395
0.783451263691974 0.276719435136882
0.783451263691974 0.205856353709994
0.783451263691974 0.132695548218336
0.783451263691974 0.0588267921693849
0.783451263691974 -0.0146198864089877
0.783451263691974 -0.0868203982330937
0.783451263691974 -0.157164783718469
0.783451263691974 -0.225200432680827
0.783451263691974 -0.290595585947333
0.783451263691974 -0.353114653693487
0.783451263691974 -0.412600447501193
0.783451263691974 -0.468960523646021
0.783451263691974 -0.522156074413207
0.783451263691974 -0.572192520303096
0.783451263691974 -0.619111355737398
0.783451263691974 -0.662983013768166
0.783451263691974 -0.703900621494124
0.783451263691974 -0.741974565876135
0.783451263691974 -0.777327807817187
0.783451263691974 -0.810091886745885
0.783451263691974 -0.840403557104274
0.783451263691974 -0.868401996369676
0.783451263691974 -0.894226523409279
0.783451263691974 -0.918014766671713
0.783451263691974 -0.939901223931504
0.783451263691974 -0.960016158724041
0.783451263691974 -0.978484782869014
0.783451263691974 -0.99542667922584
0.783451263691974 -1.01095542375898
0.783451263691974 -1.02517837088618
0.783451263691974 -1.03819657077501
0.783451263691974 -1.05010479163421
0.783451263691974 -1.06099162405349
0.783451263691974 -1.07093964804783
0.783451263691974 -1.08002564665613
0.783451263691974 -1.08832085274067
0.783451263691974 -1.09589121805667
0.783451263691974 -1.1027976957408
0.783451263691974 -1.10909652913625
0.783451263691974 -1.11483954136391
0.783451263691974 -1.120074421299
0.783451263691974 -1.12484500264958
0.783451263691974 -1.12919153368857
0.783451263691974 -1.13315093589019
-0.534611128985235 -1.13675705028774
-0.534611128985235 -1.14004087082478
-0.534611128985235 -1.14303076433248
-0.534611128985235 -1.06973208827666
-0.534611128985235 -0.914129930068358
-0.534611128985235 -0.740765876196159
-0.534611128985235 -0.577356255229023
-0.534611128985235 -0.433092587033763
-0.534611128985235 -0.309179225131457
-0.534611128985235 -0.203846496807849
-0.534611128985235 -0.114505700683588
-0.534611128985235 -0.0385936983837492
-0.534611128985235 0.02614429241156
-0.534611128985235 0.0815985003027641
-0.534611128985235 0.12932143838023
-0.534611128985235 0.170578779011807
-0.534611128985235 0.206401498459094
-0.534611128985235 0.237631619225125
-0.534611128985235 0.264959900890421
-0.534611128985235 0.288956033347844
-0.534611128985235 0.310092529198843
-0.534611128985235 0.328763554276178
-0.534611128985235 0.345299775732552
-0.534611128985235 0.359980104868881
-0.534611128985235 0.37304102475296
-0.534611128985235 0.384684037264647
-0.534611128985235 0.395081641216839
-0.534611128985235 0.404382158124477
-0.534611128985235 0.412713649489045
-0.534611128985235 0.420187114093677
-0.534611128985235 0.426899111636428
-0.534611128985235 0.432933926846055
-0.534611128985235 0.438365363573409
-0.534611128985235 0.443258239386805
-0.534611128985235 0.447669636539688
-0.534611128985235 0.451649953789896
-0.534611128985235 0.455243794657412
-0.534611128985235 0.458490720729656
-0.534611128985235 0.461425893121115
-0.534611128985235 0.4640806208346
-0.534611128985235 0.466482831301365
-0.534611128985235 0.468657475602768
-0.534611128985235 0.470626878648166
-0.534611128985235 0.47241104278694
-0.534611128985235 0.474027911877791
-0.534611128985235 0.475493601655737
-0.534611128985235 0.476822601272186
-0.534611128985235 0.478027950092935
-0.534611128985235 0.479121393189046
-0.534611128985235 0.4801135184194
0.790755145154314 0.481013877559754
0.790755145154314 0.481831093564359
0.790755145154314 0.482572955738696
0.790755145154314 0.464241992785317
0.790755145154314 0.420649201192549
0.790755145154314 0.362891808111464
0.790755145154314 0.29681870164038
0.790755145154314 0.225955570055858
0.790755145154314 0.152612747089809
0.790755145154314 0.0783882498555861
0.790755145154314 0.00442974398253415
0.790755145154314 -0.0684166963234167
0.790755145154314 -0.139517713486952
0.790755145154314 -0.208397595966998
0.790755145154314 -0.274702774550292
0.790755145154314 -0.338177705026185
0.790755145154314 -0.398647393600746
0.790755145154314 -0.456003855025375
0.790755145154314 -0.510194997625689
0.790755145154314 -0.561215126723065
0.790755145154314 -0.609096646946891
0.790755145154314 -0.653902749929135
0.790755145154314 -0.695720975082902
0.790755145154314 -0.734657575220335
0.790755145154314 -0.77083263371928
0.790755145154314 -0.8043758816765
0.790755145154314 -0.835423160506153
0.790755145154314 -0.86411347198137
0.790755145154314 -0.890586555592542
0.790755145154314 -0.914980932847177
0.790755145154314 -0.937432359674509
0.790755145154314 -0.95807263107225
0.790755145154314 -0.977028686121812
0.790755145154314 -0.994421966105531
0.790755145154314 -1.0103679833529
0.790755145154314 -1.02497606336522
0.790755145154314 -1.03834922753321
0.790755145154314 -1.05058418824415
0.790755145154314 -1.06177143229812
0.790755145154314 -1.07199537227677
0.790755145154314 -1.0813345488225
0.790755145154314 -1.08986186969758
0.790755145154314 -1.09764487402314
0.790755145154314 -1.10474601227506
0.790755145154314 -1.11122293447008
0.790755145154314 -1.11712878054542
0.790755145154314 -1.12251246825219
0.790755145154314 -1.12741897497912
0.790755145154314 -1.13188961082863
0.790755145154314 -1.13596228100939
0.221724608550651 -1.13967173621211
0.221724608550651 -1.14304981012058
0.221724608550651 -1.14612564359664
0.221724608550651 -1.12665626315171
0.221724608550651 -1.08096558181767
0.221724608550651 -1.02625469378133
0.221724608550651 -0.970772272955948
0.221724608550651 -0.918159116447573
0.221724608550651 -0.869799330792852
0.221724608550651 -0.826016278279462
0.221724608550651 -0.786661282642936
0.221724608550651 -0.751396697667938
0.221724608550651 -0.719828485149178
0.221724608550651 -0.691565734842052
0.221724608550651 -0.666245210563456
0.221724608550651 -0.643539494352029
0.221724608550651 -0.623157716589464
0.221724608550651 -0.604843175536538
0.221724608550651 -0.58836986901128
0.221724608550651 -0.573538856606066
0.221724608550651 -0.560174841333735
0.221724608550651 -0.548123110263071
0.221724608550651 -0.537246860243142
0.221724608550651 -0.527424886592789
0.221724608550651 -0.518549595156096
0.221724608550651 -0.510525294645666
0.221724608550651 -0.503266728662424
0.221724608550651 -0.496697811399135
0.221724608550651 -0.490750536080356
0.221724608550651 -0.485364029934367
0.221724608550651 -0.480483733671524
0.221724608550651 -0.4760606870095
0.221724608550651 -0.472050904778997
0.221724608550651 -0.468414830635279
0.221724608550651 -0.465116857467773
0.221724608550651 -0.462124905313108
0.221724608550651 -0.459410048997995
0.221724608550651 -0.456946188919191
0.221724608550651 -0.454709759351384
0.221724608550651 -0.45267946949537
0.221724608550651 -0.450836073167072
0.221724608550651 -0.449162163606182
0.221724608550651 -0.447641990370529
0.221724608550651 -0.446261295694315
0.221724608550651 -0.445007168037798
0.221724608550651 -0.443867910853244
0.221724608550651 -0.442832924845642
0.221724608550651 -0.441892602223792
0.221724608550651 -0.441038231623739
0.221724608550651 -0.44026191254702
0.525495910796102 -0.439556478294734
0.525495910796102 -0.438915426498434
0.525495910796102 -0.438332856453029
0.525495910796102 -0.448868794196653
0.525495910796102 -0.473005578164252
0.525495910796102 -0.502907713514651
0.525495910796102 -0.534613997276285
0.525495910796102 -0.566114187365463
0.525495910796102 -0.596409909774337
0.525495910796102 -0.625034867611829
0.525495910796102 -0.65180377184338
0.525495910796102 -0.676679321344361
0.525495910796102 -0.699701235681401
0.525495910796102 -0.720948203731091
0.525495910796102 -0.74051738093774
0.525495910796102 -0.758513281488729
0.525495910796102 -0.775041727384839
0.525495910796102 -0.790206541984715
0.525495910796102 -0.804107751799656
0.525495910796102 -0.816840632112596
0.525495910796102 -0.828495235954984
0.525495910796102 -0.839156207893552
0.525495910796102 -0.848902770752917
0.525495910796102 -0.857808820224918
0.525495910796102 -0.865943088007278
0.525495910796102 -0.873369348552754
0.525495910796102 -0.8801466529066
0.525495910796102 -0.886329578215648
0.525495910796102 -0.891968484762812
0.525495910796102 -0.897109774592605
0.525495910796102 -0.901796147365306
0.525495910796102 -0.90606685024084
0.525495910796102 -0.909957919479693
0.525495910796102 -0.913502412135884
0.525495910796102 -0.916730626755634
0.525495910796102 -0.919670312418217
0.525495910796102 -0.922346865786514
0.525495910796102 -0.924783516091943
0.525495910796102 -0.927001498175744
0.525495910796102 -0.929020213857548
0.525495910796102 -0.930857382011746
0.525495910796102 -0.932529177810226
0.525495910796102 -0.934050361642713
0.525495910796102 -0.935434398258427
0.525495910796102 -0.936693566689393
0.525495910796102 -0.93783906151993
0.525495910796102 -0.938881086061578
0.525495910796102 -0.939828937980232
0.525495910796102 -0.940691087904539
0.525495910796102 -0.941475251523133
0.0097727500879079 -0.942188455654293
0.0097727500879079 -0.942837098746064
0.0097727500879079 -0.943427006238555
0.0097727500879079 -0.912743514679802
0.0097727500879079 -0.846315066801641
0.0097727500879079 -0.76886263463634
0.0097727500879079 -0.691932459626482
0.0097727500879079 -0.620313579281164
0.0097727500879079 -0.555576820173515
0.0097727500879079 -0.497852252285859
0.0097727500879079 -0.446679280701233
0.0097727500879079 -0.401398632651689
0.0097727500879079 -0.361325290708469
0.0097727500879079 -0.325819010958613
0.0097727500879079 -0.294308130362166
0.0097727500879079 -0.266292900116246
0.0097727500879079 -0.241340526392742
0.0097727500879079 -0.219077450385194
0.0097727500879079 -0.199181279430183
0.0097727500879079 -0.181373335304713
0.0097727500879079 -0.165412131284638
0.0097727500879079 -0.151087806175877
0.0097727500879079 -0.138217431923129
0.0097727500879079 -0.126641077255816
0.0097727500879079 -0.116218508894089
0.0097727500879079 -0.106826423664259
0.0097727500879079 -0.0983561202962859
0.0097727500879079 -0.0907115348195768
0.0097727500879079 -0.0838075768978743
0.0097727500879079 -0.0775687157932885
0.0097727500879079 -0.0719277740170938
0.0097727500879079 -0.0668248943635212
0.0097727500879079 -0.0622066522165268
0.0097727500879079 -0.0580252900323781
0.0097727500879079 -0.0542380549594417
0.0097727500879079 -0.0508066238480391
0.0097727500879079 -0.0476966025792538
0.0097727500879079 -0.0448770888235999
0.0097727500879079 -0.042320289125376
0.0097727500879079 -0.0400011826734841
0.0097727500879079 -0.0378972253258822
0.0097727500879079 -0.0359880884517252
0.0097727500879079 -0.0342554279817622
0.0097727500879079 -0.0326826797451667
0.0097727500879079 -0.0312548777449013
0.0097727500879079 -0.0299584925043574
0.0097727500879079 -0.0287812870218345
0.0097727500879079 -0.0277121882098101
0.0097727500879079 -0.0267411719837825
0.0097727500879079 -0.0258591604096206
0.250610727467859 -0.0250579295261297
0.250610727467859 -0.0243300266368636
0.250610727467859 -0.0236686960170465
0.250610727467859 -0.0328485130906542
0.250610727467859 -0.0541206043318612
0.250610727467859 -0.0806262716173913
0.250610727467859 -0.108882709977686
0.250610727467859 -0.137099616895351
0.250610727467859 -0.164368162221153
0.250610727467859 -0.190247562565602
0.250610727467859 -0.214547810827496
0.250610727467859 -0.237213626592171
0.250610727467859 -0.258261871376632
0.250610727467859 -0.277747535102272
0.250610727467859 -0.295745090176895
0.250610727467859 -0.312338155943464
0.250610727467859 -0.327613688895572
0.250610727467859 -0.341658664610694
0.250610727467859 -0.354558154589085
0.250610727467859 -0.366394202850068
0.250610727467859 -0.377245175706536
0.250610727467859 -0.38718540220092
0.250610727467859 -0.396285000365506
0.250610727467859 -0.404609826789941
0.250610727467859 -0.412221510448199
0.250610727467859 -0.419177545118229
0.250610727467859 -0.425531422662677
0.250610727467859 -0.431332794387539
0.250610727467859 -0.436627650962831
0.250610727467859 -0.441458513673223
0.250610727467859 -0.445864631444329
0.250610727467859 -0.449882179371417
0.250610727467859 -0.45354445548141
0.250610727467859 -0.456882073258888
0.250610727467859 -0.4599231481089
0.250610727467859 -0.462693476446068
0.250610727467859 -0.465216706514201
0.250610727467859 -0.467514500372031
0.250610727467859 -0.469606686743162
0.250610727467859 -0.471511404634244
0.250610727467859 -0.473245237784633
0.250610727467859 -0.474823340131826
0.250610727467859 -0.4762595525669
0.250610727467859 -0.477566511318792
0.250610727467859 -0.478755748350592
0.250610727467859 -0.479837784179108
0.250610727467859 -0.480822213544191
0.250610727467859 -0.481717784359518
0.250610727467859 -0.482532470374033
0.250610727467859 -0.483273537964786
0.0144965522990079 -0.483947607469246
0.0144965522990079 -0.484560709449265
0.0144965522990079 -0.485118336260927
0.0144965522990079 -0.47185671591236
0.0144965522990079 -0.442478002813779
0.0144965522990079 -0.407573244664791
0.0144965522990079 -0.372222793822368
0.0144965522990079 -0.338677608211259
0.0144965522990079 -0.307800381934536
0.0144965522990079 -0.279798304127865
0.0144965522990079 -0.254584722557165
0.0144965522990079 -0.231953830627192
0.0144965522990079 -0.211662999762186
0.0144965522990079 -0.193470079031324
0.0144965522990079 -0.177149017352512
0.0144965522990079 -0.162495246503975
0.0144965522990079 -0.149326388239976
0.0144965522990079 -0.137480965232556
0.0144965522990079 -0.126816385128966
0.0144965522990079 -0.117206780507324
0.0144965522990079 -0.108540956277574
0.0144965522990079 -0.100720538818667
0.0144965522990079 -0.0936583487074611
0.0144965522990079 -0.0872769874528645
0.0144965522990079 -0.0815076166976441
0.0144965522990079 -0.0762889053898073
0.0144965522990079 -0.0715661213742087
0.0144965522990079 -0.0672903462957888
0.0144965522990079 -0.0634177955236948
0.0144965522990079 -0.0599092275163713
0.0144965522990079 -0.0567294294674028
0.0144965522990079 -0.0538467681544297
0.0144965522990079 -0.0512327966725781
0.0144965522990079 -0.0488619092057321
0.0144965522990079 -0.046711037215301
0.0144965522990079 -0.0447593814465199
0.0144965522990079 -0.0429881750018386
0.0144965522990079 -0.0413804734393259
0.0144965522990079 -0.039920968446034
0.0144965522990079 -0.0385958221323446
0.0144965522990079 -0.0373925194102001
0.0144965522990079 -0.0362997362694766
0.0144965522990079 -0.0353072220638233
0.0144965522990079 -0.0344056941691799
0.0144965522990079 -0.0335867435924782
0.0144965522990079 -0.0328427502908479
0.0144965522990079 -0.0321668071181178
0.0144965522990079 -0.0315526514497042
0.0144965522990079 -0.0309946036525963
0.0144965522990079 -0.0304875116669701
-0.35644551057203 -0.0300267010523858
-0.35644551057203 -0.0296079299265624
-0.35644551057203 -0.0292273482900292
-0.35644551057203 -0.0148656004447631
-0.35644551057203 0.0155842767345787
-0.35644551057203 0.0511303947530863
-0.35644551057203 0.0866008225641931
-0.35644551057203 0.119806471590996
-0.35644551057203 0.149992141563905
-0.35644551057203 0.177055771662303
-0.35644551057203 0.201171175264161
-0.35644551057203 0.222611365771725
-0.35644551057203 0.241668842392777
-0.35644551057203 0.258621856778846
-0.35644551057203 0.273722043371718
-0.35644551057203 0.28719166370852
-0.35644551057203 0.299224921147545
-0.35644551057203 0.309990775644895
-0.35644551057203 0.319636103530447
-0.35644551057203 0.32828871450527
-0.35644551057203 0.336060047253571
-0.35644551057203 0.343047503673838
-0.35644551057203 0.349336439908017
-0.35644551057203 0.355001853293454
-0.35644551057203 0.360109808684911
-0.35644551057203 0.364718645010684
-0.35644551057203 0.368879997925406
-0.35644551057203 0.372639668993923
-0.35644551057203 0.376038366800714
-0.35644551057203 0.379112341001642
-0.35644551057203 0.381893926655217
-0.35644551057203 0.38441201312928
-0.35644551057203 0.386692449386358
-0.35644551057203 0.388758395415014
-0.35644551057203 0.390630627912878
-0.35644551057203 0.392327806969567
-0.35644551057203 0.393866709386456
-0.35644551057203 0.395262433358283
-0.35644551057203 0.3965285784909
-0.35644551057203 0.397677404509703
-0.35644551057203 0.39871997149984
-0.35644551057203 0.399666264092633
-0.35644551057203 0.400525301656921
-0.35644551057203 0.40130523625643
-0.35644551057203 0.402013439884527
-0.35644551057203 0.402656582277461
-0.35644551057203 0.403240700429591
-0.35644551057203 0.403771260783586
-0.35644551057203 0.404253214940713
-0.35644551057203 0.404691049627236
-0.779696184107892 0.4050888315597
-0.779696184107892 0.405450247771872
-0.779696184107892 0.405778641897258
-0.779696184107892 0.409749061801544
-0.779696184107892 0.418008947783786
-0.779696184107892 0.427772575094873
-0.779696184107892 0.437693695069565
-0.779696184107892 0.44716288992319
-0.779696184107892 0.455935844906335
-0.779696184107892 0.463943931223573
-0.779696184107892 0.471199673409943
-0.779696184107892 0.477750303365257
-0.779696184107892 0.483655350817466
-0.779696184107892 0.488976140715191
-0.779696184107892 0.49377113594054
-0.779696184107892 0.498094111990512
-0.779696184107892 0.501993672492389
-0.779696184107892 0.50551337236577
-0.779696184107892 0.508692092035393
-0.779696184107892 0.511564492657099
-0.779696184107892 0.514161474245299
-0.779696184107892 0.51651060344242
-0.779696184107892 0.518636499163539
-0.779696184107892 0.520561174308467
-0.779696184107892 0.522304336051125
-0.779696184107892 0.523883648821262
-0.779696184107892 0.525314964434842
-0.779696184107892 0.526612523616907
-0.779696184107892 0.527789132736313
-0.779696184107892 0.528856319095456
-0.779696184107892 0.529824467660458
-0.779696184107892 0.530702941705678
-0.779696184107892 0.53150018948808
-0.779696184107892 0.532223838760176
-0.779696184107892 0.53288078066976
-0.779696184107892 0.533477244374251
-0.779696184107892 0.53401886351122
-0.779696184107892 0.534510735509096
-0.779696184107892 0.534957474588607
-0.779696184107892 0.535363259192172
-0.779696184107892 0.535731874481984
-0.779696184107892 0.536066750465216
-0.779696184107892 0.536370996234251
-0.779696184107892 0.536647430749375
-0.779696184107892 0.536898610539238
-0.779696184107892 0.537126854649463
-0.779696184107892 0.537334267130789
-0.779696184107892 0.537522757324378
-0.779696184107892 0.537694058172462
-0.779696184107892 0.537849742756845
-0.353766301345903 0.537991239245284
-0.353766301345903 0.538119844406092
-0.353766301345903 0.538236735833966
-0.353766301345903 0.535438232061337
-0.353766301345903 0.529085637589516
-0.353766301345903 0.5212507724154
-0.353766301345903 0.512977303771116
-0.353766301345903 0.504789608145413
-0.353766301345903 0.496943653038281
-0.353766301345903 0.489555340125004
-0.353766301345903 0.482667427475571
-0.353766301345903 0.476284759788549
-0.353766301345903 0.47039290534586
-0.353766301345903 0.464968042315884
-0.353766301345903 0.459982212126533
-0.353766301345903 0.455406112281978
-0.353766301345903 0.451210577223294
-0.353766301345903 0.447367355521017
-0.353766301345903 0.443849506323723
-0.353766301345903 0.440631587249506
-0.353766301345903 0.437689726234201
-0.353766301345903 0.435001627655323
-0.353766301345903 0.43254654060755
-0.353766301345903 0.430305205172664
-0.353766301345903 0.428259785989506
-0.353766301345903 0.426393798804231
-0.353766301345903 0.42469203361093
-0.353766301345903 0.423140476763348
-0.353766301345903 0.421726233673452
-0.353766301345903 0.4204374532117
-0.353766301345903 0.419263254579618
-0.353766301345903 0.418193657178677
-0.353766301345903 0.417219513817372
-0.353766301345903 0.41633244746112
-0.353766301345903 0.41552479162524
-0.353766301345903 0.414789534431674
-0.353766301345903 0.414120266289915
-0.353766301345903 0.413511131117554
-0.353766301345903 0.412956780983003
-0.353766301345903 0.412452334029653
-0.353766301345903 0.411993335525204
-0.353766301345903 0.41157572187033
-0.353766301345903 0.411195787396172
-0.353766301345903 0.410850153779052
-0.353766301345903 0.410535741902656
-0.353766301345903 0.410249746001815
-0.353766301345903 0.409989609927551
-0.353766301345903 0.409753005379622
-0.353766301345903 0.40953781196017
-0.353766301345903 0.409342098909837
0.249773279414407 0.409164108395755
0.249773279414407 0.409002240228864
0.249773279414407 0.408855037895998
0.249773279414407 0.39500721736981
0.249773279414407 0.363594358826899
0.249773279414407 0.323428580297529
0.249773279414407 0.279118945368646
0.249773279414407 0.233258902024128
0.249773279414407 0.187369889058249
0.249773279414407 0.142366075474189
0.249773279414407 0.0988031333042885
0.249773279414407 0.0570179071270124
0.249773279414407 0.0172091314031341
0.249773279414407 -0.0205148067499772
0.249773279414407 -0.056106824431007
0.249773279414407 -0.0895628397594901
0.249773279414407 -0.120909706565345
0.249773279414407 -0.150196849005785
0.249773279414407 -0.177490167607173
0.249773279414407 -0.202867410442707
0.249773279414407 -0.226414548650763
0.249773279414407 -0.2482228854604
0.249773279414407 -0.268386731619934
0.249773279414407 -0.287001536781412
0.249773279414407 -0.304162397783452
0.249773279414407 -0.319962882835726
0.249773279414407 -0.334494121750987
0.249773279414407 -0.347844119958334
0.249773279414407 -0.360097259778987
0.249773279414407 -0.37133395719565
0.249773279414407 -0.381630446492601
0.249773279414407 -0.391058668858863
0.249773279414407 -0.399686244401503
0.249773279414407 -0.407576510037646
0.249773279414407 -0.414788608435711
0.249773279414407 -0.421377615570383
0.249773279414407 -0.427394696556844
0.249773279414407 -0.43288728125634
0.249773279414407 -0.437899252719026
0.249773279414407 -0.442471142874542
0.249773279414407 -0.446640331020283
0.249773279414407 -0.450441241615342
0.249773279414407 -0.453905538687665
0.249773279414407 -0.457062314823906
0.249773279414407 -0.459938273255406
0.249773279414407 -0.462557901996898
0.249773279414407 -0.464943639352427
0.249773279414407 -0.46711603038918
0.249773279414407 -0.469093874206092
0.249773279414407 -0.470894362000618
-0.0604928820675672 -0.472533206072359
-0.0604928820675672 -0.474024760003936
-0.0604928820675672 -0.475382130333749
-0.0604928820675672 -0.458270188229642
-0.0604928820675672 -0.419807768132404
-0.0604928820675672 -0.374297005415545
-0.0604928820675672 -0.328529555550779
-0.0604928820675672 -0.285435911552424
-0.0604928820675672 -0.246074555930485
-0.0604928820675672 -0.210639321276979
-0.0604928820675672 -0.178950172722951
-0.0604928820675672 -0.150685690202787
-0.0604928820675672 -0.125489692463278
-0.0604928820675672 -0.103017574711258
-0.0604928820675672 -0.0829542724478516
-0.0604928820675672 -0.0650192223299653
-0.0604928820675672 -0.0489656511744365
-0.0604928820675672 -0.0345776401112396
-0.0604928820675672 -0.0216665442350574
-0.0604928820675672 -0.010067457891165
-0.0604928820675672 0.000364002999016955
-0.0604928820675672 0.00975452211464345
-0.0604928820675672 0.0182155116447473
-0.0604928820675672 0.0258451859152705
-0.0604928820675672 0.0327303261577497
-0.0604928820675672 0.0389477821613362
-0.0604928820675672 0.0445657519512205
-0.0604928820675672 0.0496448749537589
-0.0604928820675672 0.0542391685620381
-0.0604928820675672 0.0583968330689855
-0.0604928820675672 0.0621609457082971
-0.0604928820675672 0.0655700610096854
-0.0604928820675672 0.0686587317532612
-0.0604928820675672 0.0714579624046938
-0.0604928820675672 0.0739956049395134
-0.0604928820675672 0.0762967053441075
-0.0604928820675672 0.078383807747588
-0.0604928820675672 0.0802772220392939
-0.0604928820675672 0.0819952599177142
-0.0604928820675672 0.0835544435628714
-0.0604928820675672 0.0849696904972159
-0.0604928820675672 0.0862544776768914
-0.0604928820675672 0.0874209874172538
-0.0604928820675672 0.0884802373886915
-0.0604928820675672 0.0894421966088962
-0.0604928820675672 0.0903158890958057
-0.0604928820675672 0.0911094866233593
-0.0604928820675672 0.0918303918333286
-0.0604928820675672 0.0924853127953452
-0.0604928820675672 0.0930803299693523
-0.703868909601061 0.0936209564063566
-0.703868909601061 0.0941121919214745
-0.703868909601061 0.0945585718853095
-0.703868909601061 0.10945153029131
-0.703868909601061 0.140844692788651
-0.703868909601061 0.177261733686775
-0.703868909601061 0.213356016123074
-0.703868909601061 0.246919169867024
-0.703868909601061 0.27723477645528
-0.703868909601061 0.304252726835163
-0.703868909601061 0.328194906559749
-0.703868909601061 0.349373684514176
-0.703868909601061 0.36811203883143
-0.703868909601061 0.384711138133068
-0.703868909601061 0.399439528305646
-0.703868909601061 0.412531762916704
-0.703868909601061 0.42419083840788
-0.703868909601061 0.43459187823208
-0.703868909601061 0.443885955165279
-0.703868909601061 0.452203609581931
-0.703868909601061 0.459657923516452
-0.703868909601061 0.466347140624763
-0.703868909601061 0.472356873096972
-0.703868909601061 0.47776195181035
-0.703868909601061 0.482627976010999
-0.703868909601061 0.48701261300807
-0.703868909601061 0.490966690974413
-0.703868909601061 0.494535120746827
-0.703868909601061 0.497757676158999
-0.703868909601061 0.500669657074569
-0.703868909601061 0.503302454864848
-0.703868909601061 0.505684036472482
-0.703868909601061 0.507839360282716
-0.703868909601061 0.509790734662137
-0.703868909601061 0.511558128113554
-0.703868909601061 0.513159438446225
-0.703868909601061 0.514610727101379
-0.703868909601061 0.515926423746513
-0.703868909601061 0.517119505412523
-0.703868909601061 0.518201653759019
-0.703868909601061 0.519183393486114
-0.703868909601061 0.52007421444259
-0.703868909601061 0.520882679592068
-0.703868909601061 0.521616520675871
-0.703868909601061 0.522282723141823
-0.703868909601061 0.522887601682589
-0.703868909601061 0.523436867537672
-0.703868909601061 0.523935688553459
-0.703868909601061 0.524388742860738
-0.703868909601061 0.524800266914567
0.07523633496614 0.525174098543991
